0 1 0
0.005 0.998776 0.00499694
0.01 0.997552 0.00998776
0.015 0.996327 0.0149725
0.02 0.995103 0.019951
0.025 0.993879 0.0249235
0.03 0.992655 0.0298898
0.035 0.991431 0.03485
0.04 0.990207 0.0398041
0.045 0.988982 0.0447521
0.05 0.987758 0.049694
0.055 0.986534 0.0546297
0.06 0.98531 0.0595593
0.065 0.984086 0.0644828
0.07 0.982862 0.0694002
0.075 0.981637 0.0743114
0.08 0.980413 0.0792165
0.085 0.979189 0.0841155
0.09 0.977965 0.0890084
0.095 0.976741 0.0938952
0.1 0.975517 0.0987758
0.105 0.974292 0.10365
0.11 0.973068 0.108519
0.115 0.971844 0.113381
0.12 0.97062 0.118237
0.125 0.969396 0.123087
0.13 0.968171 0.127931
0.135 0.966947 0.132769
0.14 0.965723 0.137601
0.145 0.964499 0.142426
0.15 0.963275 0.147246
0.155 0.962051 0.152059
0.16 0.960826 0.156866
0.165 0.959602 0.161667
0.17 0.958378 0.166462
0.175 0.957154 0.171251
0.18 0.95593 0.176034
0.185 0.954706 0.18081
0.19 0.953481 0.185581
0.195 0.952257 0.190345
0.2 0.951033 0.195103
0.205 0.949809 0.199855
0.21 0.948585 0.204601
0.215 0.947361 0.209341
0.22 0.946136 0.214075
0.225 0.944912 0.218803
0.23 0.943688 0.223524
0.235 0.942464 0.228239
0.24 0.94124 0.232949
0.245 0.940015 0.237652
0.25 0.938791 0.242349
0.255 0.937567 0.24704
0.26 0.936343 0.251725
0.265 0.935119 0.256403
0.27 0.933895 0.261076
0.275 0.93267 0.265742
0.28 0.931446 0.270402
0.285 0.930222 0.275057
0.29 0.928998 0.279705
0.295 0.927774 0.284347
0.3 0.92655 0.288982
0.305 0.925325 0.293612
0.31 0.924101 0.298236
0.315 0.922877 0.302853
0.32 0.921653 0.307464
0.325 0.920429 0.31207
0.33 0.919204 0.316669
0.335 0.91798 0.321262
0.34 0.916756 0.325849
0.345 0.915532 0.330429
0.35 0.914308 0.335004
0.355 0.913084 0.339572
0.36 0.911859 0.344135
0.365 0.910635 0.348691
0.37 0.909411 0.353241
0.375 0.908187 0.357785
0.38 0.906963 0.362323
0.385 0.905739 0.366855
0.39 0.904514 0.37138
0.395 0.90329 0.3759
0.4 0.902066 0.380413
0.405 0.900842 0.38492
0.41 0.899618 0.389422
0.415 0.898394 0.393917
0.42 0.897169 0.398406
0.425 0.895945 0.402888
0.43 0.894721 0.407365
0.435 0.893497 0.411836
0.44 0.892273 0.4163
0.445 0.891048 0.420758
0.45 0.889824 0.42521
0.455 0.8886 0.429657
0.46 0.887376 0.434096
0.465 0.886152 0.43853
0.47 0.884928 0.442958
0.475 0.883703 0.44738
0.48 0.882479 0.451795
0.485 0.881255 0.456204
0.49 0.880031 0.460608
0.495 0.878807 0.465005
0.5 0.877583 0.469396
0.505 0.87421 0.473775
0.51 0.870837 0.478138
0.515 0.867464 0.482483
0.52 0.864091 0.486812
0.525 0.860719 0.491124
0.53 0.857346 0.49542
0.535 0.853973 0.499698
0.54 0.8506 0.503959
0.545 0.847227 0.508204
0.55 0.843855 0.512432
0.555 0.840482 0.516642
0.56 0.837109 0.520836
0.565 0.833736 0.525013
0.57 0.830363 0.529174
0.575 0.826991 0.533317
0.58 0.823618 0.537444
0.585 0.820245 0.541553
0.59 0.816872 0.545646
0.595 0.813499 0.549722
0.6 0.810127 0.553781
0.605 0.806754 0.557823
0.61 0.803381 0.561849
0.615 0.800008 0.565857
0.62 0.796635 0.569849
0.625 0.793262 0.573823
0.63 0.78989 0.577781
0.635 0.786517 0.581722
0.64 0.783144 0.585647
0.645 0.779771 0.589554
0.65 0.776398 0.593444
0.655 0.773026 0.597318
0.66 0.769653 0.601174
0.665 0.76628 0.605014
0.67 0.762907 0.608837
0.675 0.759534 0.612643
0.68 0.756162 0.616433
0.685 0.752789 0.620205
0.69 0.749416 0.623961
0.695 0.746043 0.627699
0.7 0.74267 0.631421
0.705 0.739298 0.635126
0.71 0.735925 0.638814
0.715 0.732552 0.642485
0.72 0.729179 0.646139
0.725 0.725806 0.649777
0.73 0.722434 0.653398
0.735 0.719061 0.657001
0.74 0.715688 0.660588
0.745 0.712315 0.664158
0.75 0.708942 0.667711
0.755 0.70557 0.671248
0.76 0.702197 0.674767
0.765 0.698824 0.67827
0.77 0.695451 0.681755
0.775 0.692078 0.685224
0.78 0.688706 0.688676
0.785 0.685333 0.692111
0.79 0.68196 0.695529
0.795 0.678587 0.698931
0.8 0.675214 0.702315
0.805 0.671842 0.705683
0.81 0.668469 0.709034
0.815 0.665096 0.712368
0.82 0.661723 0.715685
0.825 0.65835 0.718985
0.83 0.654978 0.722268
0.835 0.651605 0.725535
0.84 0.648232 0.728784
0.845 0.644859 0.732017
0.85 0.641486 0.735233
0.855 0.638114 0.738432
0.86 0.634741 0.741614
0.865 0.631368 0.744779
0.87 0.627995 0.747928
0.875 0.624622 0.751059
0.88 0.62125 0.754174
0.885 0.617877 0.757272
0.89 0.614504 0.760353
0.895 0.611131 0.763417
0.9 0.607758 0.766464
0.905 0.604386 0.769494
0.91 0.601013 0.772508
0.915 0.59764 0.775504
0.92 0.594267 0.778484
0.925 0.590894 0.781447
0.93 0.587522 0.784393
0.935 0.584149 0.787322
0.94 0.580776 0.790235
0.945 0.577403 0.79313
0.95 0.57403 0.796009
0.955 0.570658 0.79887
0.96 0.567285 0.801715
0.965 0.563912 0.804543
0.97 0.560539 0.807354
0.975 0.557166 0.810148
0.98 0.553794 0.812926
0.985 0.550421 0.815686
0.99 0.547048 0.81843
0.995 0.543675 0.821157
1 0.540302 0.823867
1.005 0.535607 0.826557
1.01 0.530911 0.829223
1.015 0.526215 0.831866
1.02 0.52152 0.834485
1.025 0.516824 0.837081
1.03 0.512128 0.839653
1.035 0.507433 0.842202
1.04 0.502737 0.844728
1.045 0.498041 0.84723
1.05 0.493346 0.849708
1.055 0.48865 0.852163
1.06 0.483954 0.854595
1.065 0.479259 0.857003
1.07 0.474563 0.859387
1.075 0.469868 0.861748
1.08 0.465172 0.864086
1.085 0.460476 0.8664
1.09 0.455781 0.868691
1.095 0.451085 0.870958
1.1 0.446389 0.873201
1.105 0.441694 0.875422
1.11 0.436998 0.877618
1.115 0.432302 0.879792
1.12 0.427607 0.881941
1.125 0.422911 0.884068
1.13 0.418215 0.886171
1.135 0.41352 0.88825
1.14 0.408824 0.890306
1.145 0.404128 0.892338
1.15 0.399433 0.894347
1.155 0.394737 0.896332
1.16 0.390041 0.898294
1.165 0.385346 0.900233
1.17 0.38065 0.902148
1.175 0.375955 0.904039
1.18 0.371259 0.905907
1.185 0.366563 0.907752
1.19 0.361868 0.909573
1.195 0.357172 0.911371
1.2 0.352476 0.913145
1.205 0.347781 0.914895
1.21 0.343085 0.916623
1.215 0.338389 0.918326
1.22 0.333694 0.920006
1.225 0.328998 0.921663
1.23 0.324302 0.923296
1.235 0.319607 0.924906
1.24 0.314911 0.926492
1.245 0.310215 0.928055
1.25 0.30552 0.929595
1.255 0.300824 0.93111
1.26 0.296128 0.932603
1.265 0.291433 0.934072
1.27 0.286737 0.935517
1.275 0.282041 0.936939
1.28 0.277346 0.938338
1.285 0.27265 0.939713
1.29 0.267955 0.941064
1.295 0.263259 0.942392
1.3 0.258563 0.943697
1.305 0.253868 0.944978
1.31 0.249172 0.946235
1.315 0.244476 0.947469
1.32 0.239781 0.94868
1.325 0.235085 0.949867
1.33 0.230389 0.951031
1.335 0.225694 0.952171
1.34 0.220998 0.953288
1.345 0.216302 0.954381
1.35 0.211607 0.955451
1.355 0.206911 0.956497
1.36 0.202215 0.95752
1.365 0.19752 0.958519
1.37 0.192824 0.959495
1.375 0.188128 0.960448
1.38 0.183433 0.961377
1.385 0.178737 0.962282
1.39 0.174042 0.963164
1.395 0.169346 0.964022
1.4 0.16465 0.964857
1.405 0.159955 0.965669
1.41 0.155259 0.966457
1.415 0.150563 0.967221
1.42 0.145868 0.967963
1.425 0.141172 0.96868
1.43 0.136476 0.969374
1.435 0.131781 0.970045
1.44 0.127085 0.970692
1.445 0.122389 0.971316
1.45 0.117694 0.971916
1.455 0.112998 0.972493
1.46 0.108302 0.973046
1.465 0.103607 0.973576
1.47 0.0989111 0.974082
1.475 0.0942155 0.974565
1.48 0.0895198 0.975024
1.485 0.0848242 0.97546
1.49 0.0801285 0.975872
1.495 0.0754329 0.976261
1.5 0.0707372 0.976627
1.505 0.0658684 0.976968
1.51 0.0609995 0.977285
1.515 0.0561307 0.977578
1.52 0.0512618 0.977847
1.525 0.046393 0.978091
1.53 0.0415242 0.978311
1.535 0.0366553 0.978506
1.54 0.0317865 0.978677
1.545 0.0269176 0.978824
1.55 0.0220488 0.978946
1.555 0.01718 0.979044
1.56 0.0123111 0.979118
1.565 0.00744228 0.979168
1.57 0.00257344 0.979193
1.575 -0.0022954 0.979193
1.58 -0.00716424 0.97917
1.585 -0.0120331 0.979122
1.59 -0.0169019 0.979049
1.595 -0.0217708 0.978953
1.6 -0.0266396 0.978832
1.605 -0.0315084 0.978686
1.61 -0.0363773 0.978517
1.615 -0.0412461 0.978322
1.62 -0.046115 0.978104
1.625 -0.0509838 0.977861
1.63 -0.0558526 0.977594
1.635 -0.0607215 0.977303
1.64 -0.0655903 0.976987
1.645 -0.0704592 0.976647
1.65 -0.075328 0.976282
1.655 -0.0801969 0.975894
1.66 -0.0850657 0.97548
1.665 -0.0899345 0.975043
1.67 -0.0948034 0.974581
1.675 -0.0996722 0.974095
1.68 -0.104541 0.973584
1.685 -0.10941 0.97305
1.69 -0.114279 0.97249
1.695 -0.119148 0.971907
1.7 -0.124016 0.971299
1.705 -0.128885 0.970667
1.71 -0.133754 0.97001
1.715 -0.138623 0.969329
1.72 -0.143492 0.968624
1.725 -0.148361 0.967894
1.73 -0.153229 0.96714
1.735 -0.158098 0.966362
1.74 -0.162967 0.965559
1.745 -0.167836 0.964732
1.75 -0.172705 0.963881
1.755 -0.177574 0.963005
1.76 -0.182442 0.962105
1.765 -0.187311 0.961181
1.77 -0.19218 0.960232
1.775 -0.197049 0.959259
1.78 -0.201918 0.958261
1.785 -0.206787 0.95724
1.79 -0.211656 0.956194
1.795 -0.216524 0.955123
1.8 -0.221393 0.954028
1.805 -0.226262 0.952909
1.81 -0.231131 0.951766
1.815 -0.236 0.950598
1.82 -0.240869 0.949406
1.825 -0.245737 0.948189
1.83 -0.250606 0.946948
1.835 -0.255475 0.945683
1.84 -0.260344 0.944394
1.845 -0.265213 0.94308
1.85 -0.270082 0.941741
1.855 -0.27495 0.940379
1.86 -0.279819 0.938992
1.865 -0.284688 0.937581
1.87 -0.289557 0.936145
1.875 -0.294426 0.934685
1.88 -0.299295 0.933201
1.885 -0.304164 0.931692
1.89 -0.309032 0.930159
1.895 -0.313901 0.928602
1.9 -0.31877 0.92702
1.905 -0.323639 0.925414
1.91 -0.328508 0.923784
1.915 -0.333377 0.922129
1.92 -0.338245 0.92045
1.925 -0.343114 0.918747
1.93 -0.347983 0.917019
1.935 -0.352852 0.915267
1.94 -0.357721 0.91349
1.945 -0.36259 0.91169
1.95 -0.367458 0.909864
1.955 -0.372327 0.908015
1.96 -0.377196 0.906141
1.965 -0.382065 0.904243
1.97 -0.386934 0.902321
1.975 -0.391803 0.900374
1.98 -0.396671 0.898403
1.985 -0.40154 0.896407
1.99 -0.406409 0.894387
1.995 -0.411278 0.892343
2 -0.416147 0.890274
2.005 -0.419997 0.888184
2.01 -0.423847 0.886074
2.015 -0.427697 0.883945
2.02 -0.431547 0.881797
2.025 -0.435397 0.87963
2.03 -0.439247 0.877443
2.035 -0.443097 0.875238
2.04 -0.446947 0.873012
2.045 -0.450797 0.870768
2.05 -0.454647 0.868504
2.055 -0.458496 0.866222
2.06 -0.462346 0.86392
2.065 -0.466196 0.861598
2.07 -0.470046 0.859258
2.075 -0.473896 0.856898
2.08 -0.477746 0.854519
2.085 -0.481596 0.85212
2.09 -0.485446 0.849703
2.095 -0.489296 0.847266
2.1 -0.493146 0.84481
2.105 -0.496996 0.842334
2.11 -0.500846 0.83984
2.115 -0.504696 0.837326
2.12 -0.508546 0.834793
2.125 -0.512396 0.83224
2.13 -0.516246 0.829669
2.135 -0.520096 0.827078
2.14 -0.523946 0.824468
2.145 -0.527796 0.821838
2.15 -0.531646 0.81919
2.155 -0.535496 0.816522
2.16 -0.539346 0.813835
2.165 -0.543196 0.811129
2.17 -0.547046 0.808403
2.175 -0.550896 0.805658
2.18 -0.554746 0.802894
2.185 -0.558596 0.800111
2.19 -0.562446 0.797308
2.195 -0.566296 0.794486
2.2 -0.570146 0.791645
2.205 -0.573996 0.788785
2.21 -0.577845 0.785905
2.215 -0.581695 0.783006
2.22 -0.585545 0.780088
2.225 -0.589395 0.777151
2.23 -0.593245 0.774194
2.235 -0.597095 0.771218
2.24 -0.600945 0.768223
2.245 -0.604795 0.765209
2.25 -0.608645 0.762175
2.255 -0.612495 0.759122
2.26 -0.616345 0.75605
2.265 -0.620195 0.752959
2.27 -0.624045 0.749848
2.275 -0.627895 0.746719
2.28 -0.631745 0.743569
2.285 -0.635595 0.740401
2.29 -0.639445 0.737214
2.295 -0.643295 0.734007
2.3 -0.647145 0.730781
2.305 -0.650995 0.727535
2.31 -0.654845 0.724271
2.315 -0.658695 0.720987
2.32 -0.662545 0.717684
2.325 -0.666395 0.714361
2.33 -0.670245 0.71102
2.335 -0.674095 0.707659
2.34 -0.677945 0.704279
2.345 -0.681795 0.700879
2.35 -0.685645 0.697461
2.355 -0.689495 0.694023
2.36 -0.693345 0.690566
2.365 -0.697194 0.68709
2.37 -0.701044 0.683594
2.375 -0.704894 0.680079
2.38 -0.708744 0.676545
2.385 -0.712594 0.672992
2.39 -0.716444 0.669419
2.395 -0.720294 0.665827
2.4 -0.724144 0.662216
2.405 -0.727994 0.658586
2.41 -0.731844 0.654936
2.415 -0.735694 0.651267
2.42 -0.739544 0.647579
2.425 -0.743394 0.643872
2.43 -0.747244 0.640145
2.435 -0.751094 0.636399
2.44 -0.754944 0.632634
2.445 -0.758794 0.62885
2.45 -0.762644 0.625046
2.455 -0.766494 0.621224
2.46 -0.770344 0.617381
2.465 -0.774194 0.61352
2.47 -0.778044 0.60964
2.475 -0.781894 0.60574
2.48 -0.785744 0.601821
2.485 -0.789594 0.597882
2.49 -0.793444 0.593925
2.495 -0.797294 0.589948
2.5 -0.801144 0.585952
2.505 -0.803032 0.581941
2.51 -0.804921 0.577921
2.515 -0.806809 0.573892
2.52 -0.808698 0.569853
2.525 -0.810586 0.565805
2.53 -0.812475 0.561747
2.535 -0.814363 0.55768
2.54 -0.816252 0.553604
2.545 -0.81814 0.549518
2.55 -0.820029 0.545422
2.555 -0.821917 0.541318
2.56 -0.823805 0.537203
2.565 -0.825694 0.533079
2.57 -0.827582 0.528946
2.575 -0.829471 0.524804
2.58 -0.831359 0.520652
2.585 -0.833248 0.51649
2.59 -0.835136 0.512319
2.595 -0.837025 0.508139
2.6 -0.838913 0.503949
2.605 -0.840802 0.49975
2.61 -0.84269 0.495541
2.615 -0.844579 0.491323
2.62 -0.846467 0.487095
2.625 -0.848356 0.482858
2.63 -0.850244 0.478611
2.635 -0.852133 0.474356
2.64 -0.854021 0.47009
2.645 -0.85591 0.465815
2.65 -0.857798 0.461531
2.655 -0.859687 0.457237
2.66 -0.861575 0.452934
2.665 -0.863464 0.448622
2.67 -0.865352 0.4443
2.675 -0.867241 0.439968
2.68 -0.869129 0.435627
2.685 -0.871018 0.431277
2.69 -0.872906 0.426917
2.695 -0.874795 0.422548
2.7 -0.876683 0.418169
2.705 -0.878572 0.413781
2.71 -0.88046 0.409383
2.715 -0.882349 0.404976
2.72 -0.884237 0.40056
2.725 -0.886126 0.396134
2.73 -0.888014 0.391699
2.735 -0.889903 0.387254
2.74 -0.891791 0.3828
2.745 -0.89368 0.378336
2.75 -0.895568 0.373863
2.755 -0.897457 0.36938
2.76 -0.899345 0.364888
2.765 -0.901234 0.360387
2.77 -0.903122 0.355876
2.775 -0.905011 0.351356
2.78 -0.906899 0.346826
2.785 -0.908787 0.342287
2.79 -0.910676 0.337738
2.795 -0.912564 0.33318
2.8 -0.914453 0.328612
2.805 -0.916341 0.324035
2.81 -0.91823 0.319449
2.815 -0.920118 0.314853
2.82 -0.922007 0.310248
2.825 -0.923895 0.305633
2.83 -0.925784 0.301009
2.835 -0.927672 0.296375
2.84 -0.929561 0.291732
2.845 -0.931449 0.287079
2.85 -0.933338 0.282417
2.855 -0.935226 0.277746
2.86 -0.937115 0.273065
2.865 -0.939003 0.268375
2.87 -0.940892 0.263675
2.875 -0.94278 0.258966
2.88 -0.944669 0.254247
2.885 -0.946557 0.249519
2.89 -0.948446 0.244782
2.895 -0.950334 0.240035
2.9 -0.952223 0.235278
2.905 -0.954111 0.230513
2.91 -0.956 0.225737
2.915 -0.957888 0.220953
2.92 -0.959777 0.216158
2.925 -0.961665 0.211355
2.93 -0.963554 0.206542
2.935 -0.965442 0.201719
2.94 -0.967331 0.196887
2.945 -0.969219 0.192046
2.95 -0.971108 0.187195
2.955 -0.972996 0.182335
2.96 -0.974885 0.177465
2.965 -0.976773 0.172586
2.97 -0.978662 0.167697
2.975 -0.98055 0.162799
2.98 -0.982439 0.157892
2.985 -0.984327 0.152975
2.99 -0.986216 0.148049
2.995 -0.988104 0.143113
3 -0.989992 0.138168
3.005 -0.989457 0.133219
3.01 -0.988922 0.128273
3.015 -0.988386 0.12333
3.02 -0.987851 0.118389
3.025 -0.987316 0.113451
3.03 -0.98678 0.108516
3.035 -0.986245 0.103584
3.04 -0.98571 0.0986536
3.045 -0.985174 0.0937264
3.05 -0.984639 0.0888019
3.055 -0.984104 0.08388
3.06 -0.983568 0.0789609
3.065 -0.983033 0.0740444
3.07 -0.982497 0.0691305
3.075 -0.981962 0.0642194
3.08 -0.981427 0.0593109
3.085 -0.980891 0.0544051
3.09 -0.980356 0.049502
3.095 -0.979821 0.0446016
3.1 -0.979285 0.0397038
3.105 -0.97875 0.0348087
3.11 -0.978215 0.0299163
3.115 -0.977679 0.0250266
3.12 -0.977144 0.0201395
3.125 -0.976609 0.0152551
3.13 -0.976073 0.0103734
3.135 -0.975538 0.00549439
3.14 -0.975002 0.000618037
3.145 -0.974467 -0.00425564
3.15 -0.973932 -0.00912663
3.155 -0.973396 -0.013995
3.16 -0.972861 -0.0188606
3.165 -0.972326 -0.0237236
3.17 -0.97179 -0.0285839
3.175 -0.971255 -0.0334415
3.18 -0.97072 -0.0382964
3.185 -0.970184 -0.0431487
3.19 -0.969649 -0.0479982
3.195 -0.969114 -0.0528452
3.2 -0.968578 -0.0576894
3.205 -0.968043 -0.0625309
3.21 -0.967507 -0.0673698
3.215 -0.966972 -0.072206
3.22 -0.966437 -0.0770395
3.225 -0.965901 -0.0818704
3.23 -0.965366 -0.0866985
3.235 -0.964831 -0.091524
3.24 -0.964295 -0.0963469
3.245 -0.96376 -0.101167
3.25 -0.963225 -0.105984
3.255 -0.962689 -0.110799
3.26 -0.962154 -0.115611
3.265 -0.961619 -0.120421
3.27 -0.961083 -0.125228
3.275 -0.960548 -0.130032
3.28 -0.960012 -0.134833
3.285 -0.959477 -0.139632
3.29 -0.958942 -0.144428
3.295 -0.958406 -0.149221
3.3 -0.957871 -0.154012
3.305 -0.957336 -0.1588
3.31 -0.9568 -0.163585
3.315 -0.956265 -0.168368
3.32 -0.95573 -0.173148
3.325 -0.955194 -0.177925
3.33 -0.954659 -0.1827
3.335 -0.954124 -0.187472
3.34 -0.953588 -0.192241
3.345 -0.953053 -0.197008
3.35 -0.952517 -0.201772
3.355 -0.951982 -0.206533
3.36 -0.951447 -0.211291
3.365 -0.950911 -0.216047
3.37 -0.950376 -0.2208
3.375 -0.949841 -0.225551
3.38 -0.949305 -0.230299
3.385 -0.94877 -0.235044
3.39 -0.948235 -0.239787
3.395 -0.947699 -0.244526
3.4 -0.947164 -0.249264
3.405 -0.946628 -0.253998
3.41 -0.946093 -0.25873
3.415 -0.945558 -0.263459
3.42 -0.945022 -0.268185
3.425 -0.944487 -0.272909
3.43 -0.943952 -0.27763
3.435 -0.943416 -0.282349
3.44 -0.942881 -0.287064
3.445 -0.942346 -0.291778
3.45 -0.94181 -0.296488
3.455 -0.941275 -0.301196
3.46 -0.94074 -0.305901
3.465 -0.940204 -0.310603
3.47 -0.939669 -0.315303
3.475 -0.939133 -0.32
3.48 -0.938598 -0.324694
3.485 -0.938063 -0.329386
3.49 -0.937527 -0.334075
3.495 -0.936992 -0.338761
3.5 -0.936457 -0.343445
3.505 -0.933629 -0.34812
3.51 -0.9308 -0.352781
3.515 -0.927972 -0.357428
3.52 -0.925144 -0.362061
3.525 -0.922316 -0.366679
3.53 -0.919488 -0.371284
3.535 -0.91666 -0.375874
3.54 -0.913832 -0.38045
3.545 -0.911004 -0.385012
3.55 -0.908175 -0.38956
3.555 -0.905347 -0.394094
3.56 -0.902519 -0.398614
3.565 -0.899691 -0.403119
3.57 -0.896863 -0.407611
3.575 -0.894035 -0.412088
3.58 -0.891207 -0.416551
3.585 -0.888378 -0.421
3.59 -0.88555 -0.425435
3.595 -0.882722 -0.429856
3.6 -0.879894 -0.434262
3.605 -0.877066 -0.438655
3.61 -0.874238 -0.443033
3.615 -0.87141 -0.447397
3.62 -0.868582 -0.451747
3.625 -0.865753 -0.456083
3.63 -0.862925 -0.460404
3.635 -0.860097 -0.464712
3.64 -0.857269 -0.469005
3.645 -0.854441 -0.473285
3.65 -0.851613 -0.47755
3.655 -0.848785 -0.481801
3.66 -0.845957 -0.486038
3.665 -0.843128 -0.49026
3.67 -0.8403 -0.494469
3.675 -0.837472 -0.498663
3.68 -0.834644 -0.502844
3.685 -0.831816 -0.50701
3.69 -0.828988 -0.511162
3.695 -0.82616 -0.5153
3.7 -0.823331 -0.519423
3.705 -0.820503 -0.523533
3.71 -0.817675 -0.527628
3.715 -0.814847 -0.53171
3.72 -0.812019 -0.535777
3.725 -0.809191 -0.53983
3.73 -0.806363 -0.543869
3.735 -0.803535 -0.547894
3.74 -0.800706 -0.551904
3.745 -0.797878 -0.555901
3.75 -0.79505 -0.559883
3.755 -0.792222 -0.563851
3.76 -0.789394 -0.567805
3.765 -0.786566 -0.571745
3.77 -0.783738 -0.575671
3.775 -0.78091 -0.579582
3.78 -0.778081 -0.58348
3.785 -0.775253 -0.587363
3.79 -0.772425 -0.591232
3.795 -0.769597 -0.595088
3.8 -0.766769 -0.598928
3.805 -0.763941 -0.602755
3.81 -0.761113 -0.606568
3.815 -0.758284 -0.610366
3.82 -0.755456 -0.614151
3.825 -0.752628 -0.617921
3.83 -0.7498 -0.621677
3.835 -0.746972 -0.625419
3.84 -0.744144 -0.629147
3.845 -0.741316 -0.63286
3.85 -0.738488 -0.63656
3.855 -0.735659 -0.640245
3.86 -0.732831 -0.643916
3.865 -0.730003 -0.647574
3.87 -0.727175 -0.651216
3.875 -0.724347 -0.654845
3.88 -0.721519 -0.65846
3.885 -0.718691 -0.66206
3.89 -0.715862 -0.665647
3.895 -0.713034 -0.669219
3.9 -0.710206 -0.672777
3.905 -0.707378 -0.676321
3.91 -0.70455 -0.679851
3.915 -0.701722 -0.683367
3.92 -0.698894 -0.686868
3.925 -0.696066 -0.690356
3.93 -0.693237 -0.693829
3.935 -0.690409 -0.697288
3.94 -0.687581 -0.700733
3.945 -0.684753 -0.704164
3.95 -0.681925 -0.70758
3.955 -0.679097 -0.710983
3.96 -0.676269 -0.714371
3.965 -0.673441 -0.717746
3.97 -0.670612 -0.721106
3.975 -0.667784 -0.724452
3.98 -0.664956 -0.727784
3.985 -0.662128 -0.731101
3.99 -0.6593 -0.734405
3.995 -0.656472 -0.737694
4 -0.653644 -0.74097
4.005 -0.649215 -0.744227
4.01 -0.644787 -0.747462
4.015 -0.640358 -0.750675
4.02 -0.63593 -0.753865
4.025 -0.631501 -0.757034
4.03 -0.627073 -0.76018
4.035 -0.622644 -0.763305
4.04 -0.618216 -0.766407
4.045 -0.613787 -0.769487
4.05 -0.609359 -0.772545
4.055 -0.60493 -0.77558
4.06 -0.600502 -0.778594
4.065 -0.596073 -0.781585
4.07 -0.591645 -0.784555
4.075 -0.587216 -0.787502
4.08 -0.582788 -0.790427
4.085 -0.578359 -0.79333
4.09 -0.573931 -0.796211
4.095 -0.569503 -0.799069
4.1 -0.565074 -0.801906
4.105 -0.560646 -0.80472
4.11 -0.556217 -0.807512
4.115 -0.551789 -0.810282
4.12 -0.54736 -0.81303
4.125 -0.542932 -0.815756
4.13 -0.538503 -0.818459
4.135 -0.534075 -0.821141
4.14 -0.529646 -0.8238
4.145 -0.525218 -0.826437
4.15 -0.520789 -0.829052
4.155 -0.516361 -0.831645
4.16 -0.511932 -0.834216
4.165 -0.507504 -0.836764
4.17 -0.503075 -0.839291
4.175 -0.498647 -0.841795
4.18 -0.494218 -0.844277
4.185 -0.48979 -0.846737
4.19 -0.485361 -0.849175
4.195 -0.480933 -0.851591
4.2 -0.476504 -0.853984
4.205 -0.472076 -0.856356
4.21 -0.467648 -0.858705
4.215 -0.463219 -0.861032
4.22 -0.458791 -0.863337
4.225 -0.454362 -0.86562
4.23 -0.449934 -0.867881
4.235 -0.445505 -0.87012
4.24 -0.441077 -0.872336
4.245 -0.436648 -0.87453
4.25 -0.43222 -0.876703
4.255 -0.427791 -0.878853
4.26 -0.423363 -0.880981
4.265 -0.418934 -0.883086
4.27 -0.414506 -0.88517
4.275 -0.410077 -0.887231
4.28 -0.405649 -0.889271
4.285 -0.40122 -0.891288
4.29 -0.396792 -0.893283
4.295 -0.392363 -0.895256
4.3 -0.387935 -0.897206
4.305 -0.383506 -0.899135
4.31 -0.379078 -0.901042
4.315 -0.374649 -0.902926
4.32 -0.370221 -0.904788
4.325 -0.365793 -0.906628
4.33 -0.361364 -0.908446
4.335 -0.356936 -0.910242
4.34 -0.352507 -0.912015
4.345 -0.348079 -0.913767
4.35 -0.34365 -0.915496
4.355 -0.339222 -0.917203
4.36 -0.334793 -0.918888
4.365 -0.330365 -0.920551
4.37 -0.325936 -0.922192
4.375 -0.321508 -0.923811
4.38 -0.317079 -0.925407
4.385 -0.312651 -0.926981
4.39 -0.308222 -0.928534
4.395 -0.303794 -0.930064
4.4 -0.299365 -0.931571
4.405 -0.294937 -0.933057
4.41 -0.290508 -0.934521
4.415 -0.28608 -0.935962
4.42 -0.281651 -0.937382
4.425 -0.277223 -0.938779
4.43 -0.272794 -0.940154
4.435 -0.268366 -0.941507
4.44 -0.263938 -0.942838
4.445 -0.259509 -0.944146
4.45 -0.255081 -0.945433
4.455 -0.250652 -0.946697
4.46 -0.246224 -0.947939
4.465 -0.241795 -0.949159
4.47 -0.237367 -0.950357
4.475 -0.232938 -0.951533
4.48 -0.22851 -0.952686
4.485 -0.224081 -0.953818
4.49 -0.219653 -0.954927
4.495 -0.215224 -0.956014
4.5 -0.210796 -0.95708
4.505 -0.205851 -0.958121
4.51 -0.200907 -0.959138
4.515 -0.195962 -0.96013
4.52 -0.191017 -0.961098
4.525 -0.186073 -0.96204
4.53 -0.181128 -0.962958
4.535 -0.176184 -0.963852
4.54 -0.171239 -0.96472
4.545 -0.166295 -0.965564
4.55 -0.16135 -0.966383
4.555 -0.156405 -0.967178
4.56 -0.151461 -0.967947
4.565 -0.146516 -0.968692
4.57 -0.141572 -0.969412
4.575 -0.136627 -0.970108
4.58 -0.131683 -0.970779
4.585 -0.126738 -0.971425
4.59 -0.121793 -0.972046
4.595 -0.116849 -0.972643
4.6 -0.111904 -0.973215
4.605 -0.10696 -0.973762
4.61 -0.102015 -0.974284
4.615 -0.0970705 -0.974782
4.62 -0.0921259 -0.975255
4.625 -0.0871813 -0.975703
4.63 -0.0822367 -0.976127
4.635 -0.0772921 -0.976525
4.64 -0.0723476 -0.9769
4.645 -0.067403 -0.977249
4.65 -0.0624584 -0.977574
4.655 -0.0575138 -0.977874
4.66 -0.0525692 -0.978149
4.665 -0.0476247 -0.978399
4.67 -0.0426801 -0.978625
4.675 -0.0377355 -0.978826
4.68 -0.0327909 -0.979002
4.685 -0.0278463 -0.979154
4.69 -0.0229018 -0.979281
4.695 -0.0179572 -0.979383
4.7 -0.0130126 -0.97946
4.705 -0.00806803 -0.979513
4.71 -0.00312345 -0.979541
4.715 0.00182113 -0.979544
4.72 0.00676571 -0.979523
4.725 0.0117103 -0.979477
4.73 0.0166549 -0.979406
4.735 0.0215995 -0.97931
4.74 0.026544 -0.97919
4.745 0.0314886 -0.979045
4.75 0.0364332 -0.978875
4.755 0.0413778 -0.97868
4.76 0.0463224 -0.978461
4.765 0.0512669 -0.978217
4.77 0.0562115 -0.977948
4.775 0.0611561 -0.977655
4.78 0.0661007 -0.977337
4.785 0.0710453 -0.976994
4.79 0.0759898 -0.976626
4.795 0.0809344 -0.976234
4.8 0.085879 -0.975817
4.805 0.0908236 -0.975375
4.81 0.0957682 -0.974909
4.815 0.100713 -0.974418
4.82 0.105657 -0.973902
4.825 0.110602 -0.973361
4.83 0.115546 -0.972796
4.835 0.120491 -0.972206
4.84 0.125436 -0.971591
4.845 0.13038 -0.970951
4.85 0.135325 -0.970287
4.855 0.140269 -0.969598
4.86 0.145214 -0.968884
4.865 0.150159 -0.968146
4.87 0.155103 -0.967383
4.875 0.160048 -0.966595
4.88 0.164992 -0.965782
4.885 0.169937 -0.964945
4.89 0.174881 -0.964083
4.895 0.179826 -0.963196
4.9 0.184771 -0.962285
4.905 0.189715 -0.961348
4.91 0.19466 -0.960387
4.915 0.199604 -0.959402
4.92 0.204549 -0.958391
4.925 0.209493 -0.957356
4.93 0.214438 -0.956296
4.935 0.219383 -0.955212
4.94 0.224327 -0.954103
4.945 0.229272 -0.952969
4.95 0.234216 -0.95181
4.955 0.239161 -0.950626
4.96 0.244106 -0.949418
4.965 0.24905 -0.948185
4.97 0.253995 -0.946928
4.975 0.258939 -0.945645
4.98 0.263884 -0.944338
4.985 0.268828 -0.943007
4.99 0.273773 -0.94165
4.995 0.278718 -0.940269
5 0.283662 -0.938863
5.005 0.287912 -0.937434
5.01 0.292162 -0.935984
5.015 0.296412 -0.934512
5.02 0.300662 -0.93302
5.025 0.304913 -0.931506
5.03 0.309163 -0.929971
5.035 0.313413 -0.928414
5.04 0.317663 -0.926836
5.045 0.321913 -0.925238
5.05 0.326163 -0.923617
5.055 0.330413 -0.921976
5.06 0.334663 -0.920313
5.065 0.338913 -0.918629
5.07 0.343163 -0.916924
5.075 0.347413 -0.915198
5.08 0.351663 -0.91345
5.085 0.355913 -0.911681
5.09 0.360164 -0.909891
5.095 0.364414 -0.908079
5.1 0.368664 -0.906247
5.105 0.372914 -0.904393
5.11 0.377164 -0.902518
5.115 0.381414 -0.900621
5.12 0.385664 -0.898703
5.125 0.389914 -0.896764
5.13 0.394164 -0.894804
5.135 0.398414 -0.892823
5.14 0.402664 -0.89082
5.145 0.406914 -0.888796
5.15 0.411164 -0.886751
5.155 0.415415 -0.884685
5.16 0.419665 -0.882597
5.165 0.423915 -0.880488
5.17 0.428165 -0.878358
5.175 0.432415 -0.876206
5.18 0.436665 -0.874034
5.185 0.440915 -0.87184
5.19 0.445165 -0.869624
5.195 0.449415 -0.867388
5.2 0.453665 -0.86513
5.205 0.457915 -0.862851
5.21 0.462165 -0.860551
5.215 0.466415 -0.85823
5.22 0.470666 -0.855887
5.225 0.474916 -0.853523
5.23 0.479166 -0.851138
5.235 0.483416 -0.848731
5.24 0.487666 -0.846304
5.245 0.491916 -0.843855
5.25 0.496166 -0.841384
5.255 0.500416 -0.838893
5.26 0.504666 -0.83638
5.265 0.508916 -0.833846
5.27 0.513166 -0.831291
5.275 0.517416 -0.828715
5.28 0.521666 -0.826117
5.285 0.525917 -0.823498
5.29 0.530167 -0.820858
5.295 0.534417 -0.818196
5.3 0.538667 -0.815514
5.305 0.542917 -0.81281
5.31 0.547167 -0.810084
5.315 0.551417 -0.807338
5.32 0.555667 -0.80457
5.325 0.559917 -0.801781
5.33 0.564167 -0.798971
5.335 0.568417 -0.79614
5.34 0.572667 -0.793287
5.345 0.576917 -0.790413
5.35 0.581167 -0.787518
5.355 0.585418 -0.784601
5.36 0.589668 -0.781664
5.365 0.593918 -0.778705
5.37 0.598168 -0.775724
5.375 0.602418 -0.772723
5.38 0.606668 -0.7697
5.385 0.610918 -0.766656
5.39 0.615168 -0.763591
5.395 0.619418 -0.760505
5.4 0.623668 -0.757397
5.405 0.627918 -0.754268
5.41 0.632168 -0.751118
5.415 0.636418 -0.747946
5.42 0.640669 -0.744753
5.425 0.644919 -0.74154
5.43 0.649169 -0.738304
5.435 0.653419 -0.735048
5.44 0.657669 -0.73177
5.445 0.661919 -0.728471
5.45 0.666169 -0.725151
5.455 0.670419 -0.721809
5.46 0.674669 -0.718447
5.465 0.678919 -0.715063
5.47 0.683169 -0.711658
5.475 0.687419 -0.708231
5.48 0.691669 -0.704783
5.485 0.69592 -0.701314
5.49 0.70017 -0.697824
5.495 0.70442 -0.694313
5.5 0.70867 -0.69078
5.505 0.711185 -0.68723
5.51 0.7137 -0.683668
5.515 0.716215 -0.680093
5.52 0.71873 -0.676506
5.525 0.721245 -0.672906
5.53 0.72376 -0.669294
5.535 0.726275 -0.665668
5.54 0.72879 -0.662031
5.545 0.731305 -0.658381
5.55 0.73382 -0.654718
5.555 0.736335 -0.651042
5.56 0.73885 -0.647354
5.565 0.741365 -0.643654
5.57 0.74388 -0.639941
5.575 0.746395 -0.636215
5.58 0.74891 -0.632477
5.585 0.751425 -0.628726
5.59 0.75394 -0.624963
5.595 0.756455 -0.621187
5.6 0.75897 -0.617398
5.605 0.761485 -0.613597
5.61 0.764 -0.609783
5.615 0.766515 -0.605957
5.62 0.76903 -0.602118
5.625 0.771545 -0.598267
5.63 0.77406 -0.594403
5.635 0.776575 -0.590526
5.64 0.77909 -0.586637
5.645 0.781605 -0.582735
5.65 0.78412 -0.578821
5.655 0.786635 -0.574894
5.66 0.78915 -0.570954
5.665 0.791665 -0.567002
5.67 0.79418 -0.563038
5.675 0.796695 -0.559061
5.68 0.79921 -0.555071
5.685 0.801725 -0.551068
5.69 0.80424 -0.547054
5.695 0.806755 -0.543026
5.7 0.80927 -0.538986
5.705 0.811785 -0.534933
5.71 0.8143 -0.530868
5.715 0.816815 -0.52679
5.72 0.81933 -0.5227
5.725 0.821845 -0.518597
5.73 0.82436 -0.514482
5.735 0.826875 -0.510353
5.74 0.82939 -0.506213
5.745 0.831905 -0.50206
5.75 0.83442 -0.497894
5.755 0.836935 -0.493715
5.76 0.83945 -0.489524
5.765 0.841965 -0.485321
5.77 0.84448 -0.481105
5.775 0.846995 -0.476876
5.78 0.84951 -0.472635
5.785 0.852025 -0.468381
5.79 0.85454 -0.464115
5.795 0.857055 -0.459836
5.8 0.85957 -0.455544
5.805 0.862085 -0.45124
5.81 0.8646 -0.446923
5.815 0.867115 -0.442594
5.82 0.86963 -0.438252
5.825 0.872145 -0.433898
5.83 0.87466 -0.429531
5.835 0.877175 -0.425151
5.84 0.87969 -0.420759
5.845 0.882205 -0.416354
5.85 0.88472 -0.411937
5.855 0.887235 -0.407507
5.86 0.88975 -0.403064
5.865 0.892265 -0.398609
5.87 0.89478 -0.394142
5.875 0.897295 -0.389662
5.88 0.89981 -0.385169
5.885 0.902325 -0.380663
5.89 0.90484 -0.376146
5.895 0.907355 -0.371615
5.9 0.90987 -0.367072
5.905 0.912385 -0.362516
5.91 0.9149 -0.357948
5.915 0.917415 -0.353367
5.92 0.91993 -0.348774
5.925 0.922445 -0.344168
5.93 0.92496 -0.33955
5.935 0.927475 -0.334918
5.94 0.92999 -0.330275
5.945 0.932505 -0.325619
5.95 0.93502 -0.32095
5.955 0.937535 -0.316268
5.96 0.94005 -0.311574
5.965 0.942565 -0.306868
5.97 0.94508 -0.302149
5.975 0.947595 -0.297417
5.98 0.95011 -0.292673
5.985 0.952625 -0.287916
5.99 0.95514 -0.283146
5.995 0.957655 -0.278365
6 0.96017 -0.27357
6.005 0.960334 -0.268769
6.01 0.960499 -0.263967
6.015 0.960663 -0.259164
6.02 0.960827 -0.25436
6.025 0.960991 -0.249555
6.03 0.961155 -0.24475
6.035 0.96132 -0.239944
6.04 0.961484 -0.235137
6.045 0.961648 -0.230329
6.05 0.961812 -0.22552
6.055 0.961976 -0.220711
6.06 0.96214 -0.215901
6.065 0.962305 -0.21109
6.07 0.962469 -0.206278
6.075 0.962633 -0.201465
6.08 0.962797 -0.196651
6.085 0.962961 -0.191837
6.09 0.963125 -0.187022
6.095 0.96329 -0.182206
6.1 0.963454 -0.177389
6.105 0.963618 -0.172571
6.11 0.963782 -0.167753
6.115 0.963946 -0.162933
6.12 0.96411 -0.158113
6.125 0.964275 -0.153292
6.13 0.964439 -0.14847
6.135 0.964603 -0.143648
6.14 0.964767 -0.138824
6.145 0.964931 -0.134
6.15 0.965095 -0.129175
6.155 0.96526 -0.124349
6.16 0.965424 -0.119522
6.165 0.965588 -0.114695
6.17 0.965752 -0.109867
6.175 0.965916 -0.105037
6.18 0.966081 -0.100207
6.185 0.966245 -0.0953766
6.19 0.966409 -0.0905449
6.195 0.966573 -0.0857125
6.2 0.966737 -0.0808792
6.205 0.966901 -0.0760451
6.21 0.967066 -0.0712102
6.215 0.96723 -0.0663744
6.22 0.967394 -0.0615379
6.225 0.967558 -0.0567005
6.23 0.967722 -0.0518623
6.235 0.967886 -0.0470233
6.24 0.968051 -0.0421834
6.245 0.968215 -0.0373428
6.25 0.968379 -0.0325013
6.255 0.968543 -0.027659
6.26 0.968707 -0.0228159
6.265 0.968871 -0.0179719
6.27 0.969036 -0.0131271
6.275 0.9692 -0.00828155
6.28 0.969364 -0.00343514
6.285 0.969528 0.00141209
6.29 0.969692 0.00626014
6.295 0.969857 0.011109
6.3 0.970021 0.0159587
6.305 0.970185 0.0208092
6.31 0.970349 0.0256606
6.315 0.970513 0.0305127
6.32 0.970677 0.0353657
6.325 0.970842 0.0402195
6.33 0.971006 0.0450741
6.335 0.97117 0.0499295
6.34 0.971334 0.0547858
6.345 0.971498 0.0596429
6.35 0.971662 0.0645008
6.355 0.971827 0.0693595
6.36 0.971991 0.074219
6.365 0.972155 0.0790794
6.37 0.972319 0.0839406
6.375 0.972483 0.0888026
6.38 0.972647 0.0936654
6.385 0.972812 0.0985291
6.39 0.972976 0.103394
6.395 0.97314 0.108259
6.4 0.973304 0.113125
6.405 0.973468 0.117992
6.41 0.973633 0.12286
6.415 0.973797 0.127728
6.42 0.973961 0.132598
6.425 0.974125 0.137468
6.43 0.974289 0.142339
6.435 0.974453 0.147211
6.44 0.974618 0.152083
6.445 0.974782 0.156957
6.45 0.974946 0.161831
6.455 0.97511 0.166706
6.46 0.975274 0.171582
6.465 0.975438 0.176459
6.47 0.975603 0.181337
6.475 0.975767 0.186215
6.48 0.975931 0.191094
6.485 0.976095 0.195974
6.49 0.976259 0.200855
6.495 0.976423 0.205737
6.5 0.976588 0.21062
6.505 0.974361 0.215497
6.51 0.972134 0.220363
6.515 0.969907 0.225218
6.52 0.96768 0.230062
6.525 0.965453 0.234895
6.53 0.963227 0.239717
6.535 0.961 0.244527
6.54 0.958773 0.249327
6.545 0.956546 0.254115
6.55 0.954319 0.258892
6.555 0.952092 0.263658
6.56 0.949865 0.268413
6.565 0.947639 0.273157
6.57 0.945412 0.27789
6.575 0.943185 0.282611
6.58 0.940958 0.287321
6.585 0.938731 0.292021
6.59 0.936504 0.296709
6.595 0.934277 0.301386
6.6 0.932051 0.306051
6.605 0.929824 0.310706
6.61 0.927597 0.31535
6.615 0.92537 0.319982
6.62 0.923143 0.324603
6.625 0.920916 0.329214
6.63 0.918689 0.333813
6.635 0.916463 0.3384
6.64 0.914236 0.342977
6.645 0.912009 0.347543
6.65 0.909782 0.352097
6.655 0.907555 0.356641
6.66 0.905328 0.361173
6.665 0.903101 0.365694
6.67 0.900875 0.370204
6.675 0.898648 0.374703
6.68 0.896421 0.37919
6.685 0.894194 0.383667
6.69 0.891967 0.388132
6.695 0.88974 0.392587
6.7 0.887513 0.39703
6.705 0.885287 0.401462
6.71 0.88306 0.405883
6.715 0.880833 0.410292
6.72 0.878606 0.414691
6.725 0.876379 0.419078
6.73 0.874152 0.423455
6.735 0.871926 0.42782
6.74 0.869699 0.432174
6.745 0.867472 0.436517
6.75 0.865245 0.440849
6.755 0.863018 0.445169
6.76 0.860791 0.449479
6.765 0.858564 0.453777
6.77 0.856338 0.458064
6.775 0.854111 0.462341
6.78 0.851884 0.466606
6.785 0.849657 0.470859
6.79 0.84743 0.475102
6.795 0.845203 0.479334
6.8 0.842976 0.483554
6.805 0.84075 0.487763
6.81 0.838523 0.491962
6.815 0.836296 0.496149
6.82 0.834069 0.500325
6.825 0.831842 0.504489
6.83 0.829615 0.508643
6.835 0.827388 0.512786
6.84 0.825162 0.516917
6.845 0.822935 0.521037
6.85 0.820708 0.525146
6.855 0.818481 0.529244
6.86 0.816254 0.533331
6.865 0.814027 0.537407
6.87 0.8118 0.541471
6.875 0.809574 0.545525
6.88 0.807347 0.549567
6.885 0.80512 0.553598
6.89 0.802893 0.557618
6.895 0.800666 0.561627
6.9 0.798439 0.565625
6.905 0.796212 0.569612
6.91 0.793986 0.573587
6.915 0.791759 0.577551
6.92 0.789532 0.581505
6.925 0.787305 0.585447
6.93 0.785078 0.589378
6.935 0.782851 0.593298
6.94 0.780624 0.597206
6.945 0.778398 0.601104
6.95 0.776171 0.60499
6.955 0.773944 0.608865
6.96 0.771717 0.61273
6.965 0.76949 0.616583
6.97 0.767263 0.620425
6.975 0.765037 0.624255
6.98 0.76281 0.628075
6.985 0.760583 0.631883
6.99 0.758356 0.635681
6.995 0.756129 0.639467
7 0.753902 0.643242
7.005 0.74983 0.647001
7.01 0.745757 0.65074
7.015 0.741684 0.654459
7.02 0.737612 0.658157
7.025 0.733539 0.661835
7.03 0.729466 0.665493
7.035 0.725394 0.66913
7.04 0.721321 0.672746
7.045 0.717248 0.676343
7.05 0.713176 0.679919
7.055 0.709103 0.683475
7.06 0.70503 0.68701
7.065 0.700958 0.690525
7.07 0.696885 0.69402
7.075 0.692812 0.697494
7.08 0.68874 0.700948
7.085 0.684667 0.704381
7.09 0.680594 0.707794
7.095 0.676522 0.711187
7.1 0.672449 0.71456
7.105 0.668376 0.717912
7.11 0.664304 0.721243
7.115 0.660231 0.724555
7.12 0.656158 0.727846
7.125 0.652086 0.731116
7.13 0.648013 0.734366
7.135 0.64394 0.737596
7.14 0.639868 0.740806
7.145 0.635795 0.743995
7.15 0.631722 0.747164
7.155 0.62765 0.750312
7.16 0.623577 0.75344
7.165 0.619504 0.756548
7.17 0.615431 0.759635
7.175 0.611359 0.762702
7.18 0.607286 0.765749
7.185 0.603213 0.768775
7.19 0.599141 0.771781
7.195 0.595068 0.774767
7.2 0.590995 0.777732
7.205 0.586923 0.780677
7.21 0.58285 0.783601
7.215 0.578777 0.786505
7.22 0.574705 0.789389
7.225 0.570632 0.792252
7.23 0.566559 0.795095
7.235 0.562487 0.797918
7.24 0.558414 0.80072
7.245 0.554341 0.803502
7.25 0.550269 0.806263
7.255 0.546196 0.809005
7.26 0.542123 0.811725
7.265 0.538051 0.814426
7.27 0.533978 0.817106
7.275 0.529905 0.819766
7.28 0.525833 0.822405
7.285 0.52176 0.825024
7.29 0.517687 0.827623
7.295 0.513615 0.830201
7.3 0.509542 0.832759
7.305 0.505469 0.835296
7.31 0.501397 0.837813
7.315 0.497324 0.84031
7.32 0.493251 0.842787
7.325 0.489179 0.845243
7.33 0.485106 0.847678
7.335 0.481033 0.850094
7.34 0.476961 0.852489
7.345 0.472888 0.854863
7.35 0.468815 0.857218
7.355 0.464743 0.859551
7.36 0.46067 0.861865
7.365 0.456597 0.864158
7.37 0.452525 0.866431
7.375 0.448452 0.868683
7.38 0.444379 0.870916
7.385 0.440307 0.873127
7.39 0.436234 0.875319
7.395 0.432161 0.87749
7.4 0.428089 0.87964
7.405 0.424016 0.88177
7.41 0.419943 0.88388
7.415 0.415871 0.88597
7.42 0.411798 0.888039
7.425 0.407725 0.890088
7.43 0.403653 0.892116
7.435 0.39958 0.894124
7.44 0.395507 0.896112
7.445 0.391435 0.898079
7.45 0.387362 0.900026
7.455 0.383289 0.901953
7.46 0.379217 0.903859
7.465 0.375144 0.905745
7.47 0.371071 0.907611
7.475 0.366999 0.909456
7.48 0.362926 0.911281
7.485 0.358853 0.913085
7.49 0.354781 0.914869
7.495 0.350708 0.916633
7.5 0.346635 0.918376
7.505 0.341714 0.920097
7.51 0.336793 0.921794
7.515 0.331871 0.923465
7.52 0.32695 0.925112
7.525 0.322029 0.926735
7.53 0.317107 0.928333
7.535 0.312186 0.929906
7.54 0.307264 0.931454
7.545 0.302343 0.932978
7.55 0.297422 0.934478
7.555 0.2925 0.935953
7.56 0.287579 0.937403
7.565 0.282658 0.938828
7.57 0.277736 0.940229
7.575 0.272815 0.941606
7.58 0.267894 0.942958
7.585 0.262972 0.944285
7.59 0.258051 0.945587
7.595 0.25313 0.946865
7.6 0.248208 0.948119
7.605 0.243287 0.949347
7.61 0.238366 0.950551
7.615 0.233444 0.951731
7.62 0.228523 0.952886
7.625 0.223601 0.954016
7.63 0.21868 0.955122
7.635 0.213759 0.956203
7.64 0.208837 0.957259
7.645 0.203916 0.958291
7.65 0.198995 0.959299
7.655 0.194073 0.960281
7.66 0.189152 0.961239
7.665 0.184231 0.962173
7.67 0.179309 0.963082
7.675 0.174388 0.963966
7.68 0.169467 0.964826
7.685 0.164545 0.965661
7.69 0.159624 0.966471
7.695 0.154703 0.967257
7.7 0.149781 0.968018
7.705 0.14486 0.968755
7.71 0.139938 0.969467
7.715 0.135017 0.970154
7.72 0.130096 0.970817
7.725 0.125174 0.971455
7.73 0.120253 0.972069
7.735 0.115332 0.972658
7.74 0.11041 0.973222
7.745 0.105489 0.973762
7.75 0.100568 0.974277
7.755 0.0956463 0.974767
7.76 0.0907249 0.975233
7.765 0.0858036 0.975675
7.77 0.0808822 0.976091
7.775 0.0759609 0.976483
7.78 0.0710395 0.976851
7.785 0.0661182 0.977194
7.79 0.0611968 0.977512
7.795 0.0562755 0.977806
7.8 0.0513541 0.978075
7.805 0.0464328 0.978319
7.81 0.0415114 0.978539
7.815 0.03659 0.978734
7.82 0.0316687 0.978905
7.825 0.0267473 0.979051
7.83 0.021826 0.979173
7.835 0.0169046 0.979269
7.84 0.0119833 0.979342
7.845 0.00706193 0.979389
7.85 0.00214057 0.979412
7.855 -0.00278078 0.979411
7.86 -0.00770214 0.979384
7.865 -0.0126235 0.979334
7.87 -0.0175448 0.979258
7.875 -0.0224662 0.979158
7.88 -0.0273875 0.979033
7.885 -0.0323089 0.978884
7.89 -0.0372303 0.97871
7.895 -0.0421516 0.978512
7.9 -0.047073 0.978289
7.905 -0.0519943 0.978041
7.91 -0.0569157 0.977769
7.915 -0.061837 0.977472
7.92 -0.0667584 0.977151
7.925 -0.0716797 0.976804
7.93 -0.0766011 0.976434
7.935 -0.0815224 0.976038
7.94 -0.0864438 0.975619
7.945 -0.0913651 0.975174
7.95 -0.0962865 0.974705
7.955 -0.101208 0.974211
7.96 -0.106129 0.973693
7.965 -0.111051 0.97315
7.97 -0.115972 0.972582
7.975 -0.120893 0.97199
7.98 -0.125815 0.971373
7.985 -0.130736 0.970732
7.99 -0.135657 0.970066
7.995 -0.140579 0.969375
8 -0.1455 0.96866
8.005 -0.150065 0.967921
8.01 -0.15463 0.96716
8.015 -0.159195 0.966375
8.02 -0.163761 0.965568
8.025 -0.168326 0.964737
8.03 -0.172891 0.963884
8.035 -0.177456 0.963008
8.04 -0.182021 0.96211
8.045 -0.186586 0.961188
8.05 -0.191151 0.960244
8.055 -0.195716 0.959277
8.06 -0.200281 0.958287
8.065 -0.204847 0.957274
8.07 -0.209412 0.956238
8.075 -0.213977 0.95518
8.08 -0.218542 0.954099
8.085 -0.223107 0.952994
8.09 -0.227672 0.951867
8.095 -0.232237 0.950718
8.1 -0.236802 0.949545
8.105 -0.241368 0.94835
8.11 -0.245933 0.947131
8.115 -0.250498 0.94589
8.12 -0.255063 0.944626
8.125 -0.259628 0.94334
8.13 -0.264193 0.94203
8.135 -0.268758 0.940698
8.14 -0.273323 0.939343
8.145 -0.277888 0.937965
8.15 -0.282454 0.936564
8.155 -0.287019 0.93514
8.16 -0.291584 0.933694
8.165 -0.296149 0.932224
8.17 -0.300714 0.930732
8.175 -0.305279 0.929217
8.18 -0.309844 0.927679
8.185 -0.314409 0.926119
8.19 -0.318975 0.924535
8.195 -0.32354 0.922929
8.2 -0.328105 0.9213
8.205 -0.33267 0.919648
8.21 -0.337235 0.917973
8.215 -0.3418 0.916275
8.22 -0.346365 0.914555
8.225 -0.35093 0.912812
8.23 -0.355495 0.911046
8.235 -0.360061 0.909257
8.24 -0.364626 0.907445
8.245 -0.369191 0.905611
8.25 -0.373756 0.903753
8.255 -0.378321 0.901873
8.26 -0.382886 0.89997
8.265 -0.387451 0.898044
8.27 -0.392016 0.896095
8.275 -0.396582 0.894124
8.28 -0.401147 0.89213
8.285 -0.405712 0.890113
8.29 -0.410277 0.888073
8.295 -0.414842 0.88601
8.3 -0.419407 0.883924
8.305 -0.423972 0.881816
8.31 -0.428537 0.879684
8.315 -0.433103 0.87753
8.32 -0.437668 0.875353
8.325 -0.442233 0.873154
8.33 -0.446798 0.870931
8.335 -0.451363 0.868686
8.34 -0.455928 0.866417
8.345 -0.460493 0.864126
8.35 -0.465058 0.861813
8.355 -0.469623 0.859476
8.36 -0.474189 0.857116
8.365 -0.478754 0.854734
8.37 -0.483319 0.852329
8.375 -0.487884 0.849901
8.38 -0.492449 0.84745
8.385 -0.497014 0.844976
8.39 -0.501579 0.84248
8.395 -0.506144 0.83996
8.4 -0.51071 0.837418
8.405 -0.515275 0.834853
8.41 -0.51984 0.832266
8.415 -0.524405 0.829655
8.42 -0.52897 0.827022
8.425 -0.533535 0.824365
8.43 -0.5381 0.821686
8.435 -0.542665 0.818984
8.44 -0.54723 0.81626
8.445 -0.551796 0.813512
8.45 -0.556361 0.810742
8.455 -0.560926 0.807948
8.46 -0.565491 0.805132
8.465 -0.570056 0.802293
8.47 -0.574621 0.799432
8.475 -0.579186 0.796547
8.48 -0.583751 0.79364
8.485 -0.588317 0.79071
8.49 -0.592882 0.787757
8.495 -0.597447 0.784781
8.5 -0.602012 0.781782
8.505 -0.605103 0.778764
8.51 -0.608194 0.775731
8.515 -0.611285 0.772683
8.52 -0.614377 0.769618
8.525 -0.617468 0.766539
8.53 -0.620559 0.763444
8.535 -0.62365 0.760333
8.54 -0.626741 0.757207
8.545 -0.629833 0.754066
8.55 -0.632924 0.750909
8.555 -0.636015 0.747736
8.56 -0.639106 0.744549
8.565 -0.642197 0.741345
8.57 -0.645288 0.738127
8.575 -0.64838 0.734893
8.58 -0.651471 0.731643
8.585 -0.654562 0.728378
8.59 -0.657653 0.725097
8.595 -0.660744 0.721801
8.6 -0.663836 0.71849
8.605 -0.666927 0.715163
8.61 -0.670018 0.711821
8.615 -0.673109 0.708463
8.62 -0.6762 0.70509
8.625 -0.679291 0.701701
8.63 -0.682383 0.698297
8.635 -0.685474 0.694877
8.64 -0.688565 0.691442
8.645 -0.691656 0.687991
8.65 -0.694747 0.684525
8.655 -0.697839 0.681044
8.66 -0.70093 0.677547
8.665 -0.704021 0.674035
8.67 -0.707112 0.670507
8.675 -0.710203 0.666963
8.68 -0.713295 0.663405
8.685 -0.716386 0.65983
8.69 -0.719477 0.656241
8.695 -0.722568 0.652636
8.7 -0.725659 0.649015
8.705 -0.72875 0.645379
8.71 -0.731842 0.641728
8.715 -0.734933 0.638061
8.72 -0.738024 0.634378
8.725 -0.741115 0.63068
8.73 -0.744206 0.626967
8.735 -0.747298 0.623238
8.74 -0.750389 0.619494
8.745 -0.75348 0.615734
8.75 -0.756571 0.611959
8.755 -0.759662 0.608169
8.76 -0.762753 0.604363
8.765 -0.765845 0.600541
8.77 -0.768936 0.596704
8.775 -0.772027 0.592852
8.78 -0.775118 0.588984
8.785 -0.778209 0.585101
8.79 -0.781301 0.581202
8.795 -0.784392 0.577288
8.8 -0.787483 0.573358
8.805 -0.790574 0.569413
8.81 -0.793665 0.565452
8.815 -0.796756 0.561476
8.82 -0.799848 0.557485
8.825 -0.802939 0.553478
8.83 -0.80603 0.549455
8.835 -0.809121 0.545417
8.84 -0.812212 0.541364
8.845 -0.815304 0.537295
8.85 -0.818395 0.533211
8.855 -0.821486 0.529111
8.86 -0.824577 0.524996
8.865 -0.827668 0.520866
8.87 -0.830759 0.51672
8.875 -0.833851 0.512558
8.88 -0.836942 0.508381
8.885 -0.840033 0.504189
8.89 -0.843124 0.499981
8.895 -0.846215 0.495757
8.9 -0.849307 0.491519
8.905 -0.852398 0.487264
8.91 -0.855489 0.482995
8.915 -0.85858 0.478709
8.92 -0.861671 0.474409
8.925 -0.864763 0.470093
8.93 -0.867854 0.465761
8.935 -0.870945 0.461414
8.94 -0.874036 0.457052
8.945 -0.877127 0.452674
8.95 -0.880218 0.44828
8.955 -0.88331 0.443872
8.96 -0.886401 0.439447
8.965 -0.889492 0.435008
8.97 -0.892583 0.430552
8.975 -0.895674 0.426082
8.98 -0.898766 0.421596
8.985 -0.901857 0.417094
8.99 -0.904948 0.412577
8.995 -0.908039 0.408045
