0 1 -0.0064893 0
0.005 0.999956 -0.0111482 0.0049999
0.01 0.999889 -0.0158071 0.00999952
0.015 0.999798 -0.020466 0.0149987
0.02 0.999684 -0.0251249 0.0199975
0.025 0.999547 -0.0297838 0.0249955
0.03 0.999386 -0.0344426 0.0299929
0.035 0.999202 -0.0391015 0.0349894
0.04 0.998995 -0.0437604 0.0399849
0.045 0.998765 -0.0484193 0.0449793
0.05 0.998511 -0.0530782 0.0499725
0.055 0.998234 -0.0577371 0.0549643
0.06 0.997933 -0.062396 0.0599548
0.065 0.99761 -0.0670549 0.0649436
0.07 0.997263 -0.0717138 0.0699308
0.075 0.996893 -0.0763727 0.0749162
0.08 0.996499 -0.0810315 0.0798997
0.085 0.996082 -0.0856904 0.0848812
0.09 0.995642 -0.0903493 0.0898605
0.095 0.995179 -0.0950082 0.0948376
0.1 0.994692 -0.0996671 0.0998123
0.105 0.994182 -0.104326 0.104784
0.11 0.993649 -0.108985 0.109754
0.115 0.993092 -0.113644 0.114721
0.12 0.992512 -0.118303 0.119685
0.125 0.991909 -0.122962 0.124646
0.13 0.991283 -0.12762 0.129604
0.135 0.990633 -0.132279 0.134559
0.14 0.98996 -0.136938 0.13951
0.145 0.989264 -0.141597 0.144458
0.15 0.988544 -0.146256 0.149403
0.155 0.987801 -0.150915 0.154344
0.16 0.987035 -0.155574 0.159281
0.165 0.986245 -0.160233 0.164214
0.17 0.985433 -0.164892 0.169143
0.175 0.984597 -0.16955 0.174068
0.18 0.983737 -0.174209 0.178989
0.185 0.982854 -0.178868 0.183906
0.19 0.981948 -0.183527 0.188818
0.195 0.981019 -0.188186 0.193725
0.2 0.980067 -0.192845 0.198628
0.205 0.97909 -0.197954 0.203526
0.21 0.978087 -0.203063 0.208419
0.215 0.977059 -0.208172 0.213307
0.22 0.976005 -0.213282 0.218189
0.225 0.974926 -0.218391 0.223067
0.23 0.973821 -0.2235 0.227938
0.235 0.972691 -0.228609 0.232805
0.24 0.971535 -0.233718 0.237665
0.245 0.970354 -0.238827 0.24252
0.25 0.969147 -0.243936 0.247369
0.255 0.967915 -0.249046 0.252211
0.26 0.966657 -0.254155 0.257048
0.265 0.965373 -0.259264 0.261878
0.27 0.964064 -0.264373 0.266702
0.275 0.962729 -0.269482 0.271519
0.28 0.961369 -0.274591 0.276329
0.285 0.959983 -0.2797 0.281132
0.29 0.958572 -0.28481 0.285929
0.295 0.957135 -0.289919 0.290718
0.3 0.955673 -0.295028 0.2955
0.305 0.954185 -0.300137 0.300275
0.31 0.952672 -0.305246 0.305042
0.315 0.951133 -0.310355 0.309801
0.32 0.949568 -0.315465 0.314553
0.325 0.947978 -0.320574 0.319297
0.33 0.946362 -0.325683 0.324033
0.335 0.944721 -0.330792 0.328761
0.34 0.943054 -0.335901 0.33348
0.345 0.941362 -0.34101 0.338191
0.35 0.939644 -0.346119 0.342894
0.355 0.937901 -0.351229 0.347587
0.36 0.936132 -0.356338 0.352273
0.365 0.934338 -0.361447 0.356949
0.37 0.932517 -0.366556 0.361616
0.375 0.930672 -0.371665 0.366274
0.38 0.928801 -0.376774 0.370923
0.385 0.926904 -0.381883 0.375562
0.39 0.924982 -0.386993 0.380192
0.395 0.923034 -0.392102 0.384812
0.4 0.921061 -0.397211 0.389422
0.405 0.919065 -0.401282 0.394022
0.41 0.917048 -0.405353 0.398612
0.415 0.915011 -0.409423 0.403193
0.42 0.912954 -0.413494 0.407763
0.425 0.910876 -0.417565 0.412322
0.43 0.908778 -0.421636 0.416871
0.435 0.90666 -0.425707 0.42141
0.44 0.904521 -0.429777 0.425938
0.445 0.902362 -0.433848 0.430455
0.45 0.900183 -0.437919 0.434961
0.455 0.897983 -0.44199 0.439457
0.46 0.895763 -0.446061 0.443941
0.465 0.893522 -0.450131 0.448414
0.47 0.891262 -0.454202 0.452876
0.475 0.88898 -0.458273 0.457327
0.48 0.886679 -0.462344 0.461766
0.485 0.884357 -0.466414 0.466194
0.49 0.882015 -0.470485 0.47061
0.495 0.879652 -0.474556 0.475014
0.5 0.877269 -0.478627 0.479406
0.505 0.874866 -0.482698 0.483787
0.51 0.872442 -0.486768 0.488155
0.515 0.869998 -0.490839 0.492511
0.52 0.867534 -0.49491 0.496855
0.525 0.865049 -0.498981 0.501186
0.53 0.862544 -0.503052 0.505505
0.535 0.860018 -0.507122 0.509812
0.54 0.857473 -0.511193 0.514105
0.545 0.854907 -0.515264 0.518386
0.55 0.85232 -0.519335 0.522654
0.555 0.849713 -0.523406 0.526909
0.56 0.847086 -0.527476 0.531151
0.565 0.844438 -0.531547 0.53538
0.57 0.841771 -0.535618 0.539596
0.575 0.839082 -0.539689 0.543798
0.58 0.836374 -0.54376 0.547987
0.585 0.833645 -0.54783 0.552162
0.59 0.830895 -0.551901 0.556323
0.595 0.828126 -0.555972 0.560471
0.6 0.825336 -0.560043 0.564604
0.605 0.822525 -0.564198 0.568724
0.61 0.819694 -0.568353 0.572829
0.615 0.816841 -0.572508 0.576921
0.62 0.813969 -0.576663 0.580998
0.625 0.811075 -0.580818 0.58506
0.63 0.80816 -0.584973 0.589109
0.635 0.805225 -0.589128 0.593142
0.64 0.802269 -0.593284 0.597161
0.645 0.799292 -0.597439 0.601165
0.65 0.796295 -0.601594 0.605154
0.655 0.793276 -0.605749 0.609128
0.66 0.790237 -0.609904 0.613086
0.665 0.787177 -0.614059 0.61703
0.67 0.784097 -0.618214 0.620958
0.675 0.780995 -0.622369 0.624871
0.68 0.777873 -0.626524 0.628768
0.685 0.77473 -0.630679 0.63265
0.69 0.771566 -0.634834 0.636515
0.695 0.768382 -0.638989 0.640365
0.7 0.765176 -0.643145 0.644199
0.705 0.76195 -0.6473 0.648017
0.71 0.758703 -0.651455 0.651819
0.715 0.755436 -0.65561 0.655604
0.72 0.752147 -0.659765 0.659373
0.725 0.748838 -0.66392 0.663125
0.73 0.745508 -0.668075 0.666861
0.735 0.742157 -0.67223 0.67058
0.74 0.738786 -0.676385 0.674283
0.745 0.735393 -0.68054 0.677968
0.75 0.73198 -0.684695 0.681637
0.755 0.728546 -0.68885 0.685288
0.76 0.725092 -0.693006 0.688922
0.765 0.721616 -0.697161 0.692539
0.77 0.71812 -0.701316 0.696138
0.775 0.714603 -0.705471 0.69972
0.78 0.711065 -0.709626 0.703284
0.785 0.707507 -0.713781 0.706831
0.79 0.703928 -0.717936 0.710359
0.795 0.700328 -0.722091 0.71387
0.8 0.696707 -0.726246 0.717362
0.805 0.693069 -0.729035 0.720837
0.81 0.689416 -0.731824 0.724293
0.815 0.68575 -0.734613 0.727731
0.82 0.68207 -0.737401 0.731151
0.825 0.678376 -0.74019 0.734552
0.83 0.674668 -0.742979 0.737934
0.835 0.670946 -0.745768 0.741298
0.84 0.667211 -0.748557 0.744644
0.845 0.663461 -0.751345 0.747971
0.85 0.659697 -0.754134 0.751278
0.855 0.65592 -0.756923 0.754567
0.86 0.652128 -0.759712 0.757838
0.865 0.648322 -0.7625 0.761089
0.87 0.644503 -0.765289 0.764321
0.875 0.64067 -0.768078 0.767534
0.88 0.636822 -0.770867 0.770727
0.885 0.632961 -0.773656 0.773902
0.89 0.629086 -0.776444 0.777057
0.895 0.625196 -0.779233 0.780193
0.9 0.621293 -0.782022 0.783309
0.905 0.617376 -0.784811 0.786406
0.91 0.613445 -0.7876 0.789483
0.915 0.6095 -0.790388 0.79254
0.92 0.605541 -0.793177 0.795578
0.925 0.601568 -0.795966 0.798595
0.93 0.597582 -0.798755 0.801593
0.935 0.593581 -0.801544 0.804571
0.94 0.589566 -0.804332 0.807529
0.945 0.585538 -0.807121 0.810467
0.95 0.581495 -0.80991 0.813384
0.955 0.577438 -0.812699 0.816282
0.96 0.573368 -0.815488 0.819159
0.965 0.569284 -0.818276 0.822015
0.97 0.565185 -0.821065 0.824852
0.975 0.561073 -0.823854 0.827667
0.98 0.556947 -0.826643 0.830462
0.985 0.552807 -0.829431 0.833237
0.99 0.548652 -0.83222 0.83599
0.995 0.544484 -0.835009 0.838723
1 0.540302 -0.837798 0.841435
1.005 0.536107 -0.840394 0.844126
1.01 0.531898 -0.84299 0.846796
1.015 0.527677 -0.845587 0.849445
1.02 0.523442 -0.848183 0.852073
1.025 0.519195 -0.850779 0.85468
1.03 0.514935 -0.853375 0.857265
1.035 0.510661 -0.855972 0.859829
1.04 0.506375 -0.858568 0.862372
1.045 0.502076 -0.861164 0.864893
1.05 0.497763 -0.86376 0.867392
1.055 0.493438 -0.866357 0.86987
1.06 0.4891 -0.868953 0.872327
1.065 0.484749 -0.871549 0.874761
1.07 0.480384 -0.874145 0.877174
1.075 0.476007 -0.876742 0.879565
1.08 0.471617 -0.879338 0.881934
1.085 0.467214 -0.881934 0.884281
1.09 0.462798 -0.88453 0.886606
1.095 0.458368 -0.887127 0.888909
1.1 0.453926 -0.889723 0.89119
1.105 0.449471 -0.892319 0.893448
1.11 0.445003 -0.894915 0.895685
1.115 0.440522 -0.897511 0.897898
1.12 0.436028 -0.900108 0.90009
1.125 0.431521 -0.902704 0.902259
1.13 0.427001 -0.9053 0.904405
1.135 0.422468 -0.907896 0.906529
1.14 0.417922 -0.910493 0.90863
1.145 0.413363 -0.913089 0.910708
1.15 0.408791 -0.915685 0.912763
1.155 0.404206 -0.918281 0.914796
1.16 0.399608 -0.920878 0.916805
1.165 0.394997 -0.923474 0.918792
1.17 0.390374 -0.92607 0.920755
1.175 0.385737 -0.928666 0.922696
1.18 0.381087 -0.931263 0.924613
1.185 0.376424 -0.933859 0.926506
1.19 0.371748 -0.936455 0.928377
1.195 0.36706 -0.939051 0.930224
1.2 0.362358 -0.941648 0.932047
1.205 0.357647 -0.942663 0.933847
1.21 0.352931 -0.943678 0.935624
1.215 0.34821 -0.944693 0.937377
1.22 0.343484 -0.945709 0.939106
1.225 0.338753 -0.946724 0.940812
1.23 0.334017 -0.947739 0.942493
1.235 0.329276 -0.948755 0.944152
1.24 0.324529 -0.94977 0.945786
1.245 0.319778 -0.950785 0.947397
1.25 0.315022 -0.9518 0.948984
1.255 0.31026 -0.952816 0.950547
1.26 0.305493 -0.953831 0.952087
1.265 0.300722 -0.954846 0.953602
1.27 0.295945 -0.955861 0.955094
1.275 0.291163 -0.956877 0.956562
1.28 0.286376 -0.957892 0.958005
1.285 0.281584 -0.958907 0.959425
1.29 0.276787 -0.959923 0.960821
1.295 0.271985 -0.960938 0.962193
1.3 0.267178 -0.961953 0.963541
1.305 0.262365 -0.962968 0.964865
1.31 0.257548 -0.963984 0.966165
1.315 0.252726 -0.964999 0.96744
1.32 0.247898 -0.966014 0.968692
1.325 0.243065 -0.967029 0.969919
1.33 0.238228 -0.968045 0.971123
1.335 0.233385 -0.96906 0.972302
1.34 0.228537 -0.970075 0.973456
1.345 0.223684 -0.97109 0.974587
1.35 0.218826 -0.972106 0.975693
1.355 0.213963 -0.973121 0.976775
1.36 0.209095 -0.974136 0.977833
1.365 0.204222 -0.975152 0.978866
1.37 0.199344 -0.976167 0.979875
1.375 0.19446 -0.977182 0.98086
1.38 0.189572 -0.978197 0.98182
1.385 0.184678 -0.979213 0.982755
1.39 0.17978 -0.980228 0.983667
1.395 0.174876 -0.981243 0.984553
1.4 0.169967 -0.982258 0.985415
1.405 0.165054 -0.982937 0.986253
1.41 0.160138 -0.983616 0.987066
1.415 0.155218 -0.984295 0.987854
1.42 0.150295 -0.984973 0.988618
1.425 0.145368 -0.985652 0.989357
1.43 0.140438 -0.986331 0.990072
1.435 0.135505 -0.98701 0.990762
1.44 0.130568 -0.987688 0.991427
1.445 0.125628 -0.988367 0.992067
1.45 0.120685 -0.989046 0.992683
1.455 0.115738 -0.989725 0.993274
1.46 0.110787 -0.990403 0.99384
1.465 0.105834 -0.991082 0.994382
1.47 0.100876 -0.991761 0.994899
1.475 0.095916 -0.99244 0.995391
1.48 0.0909521 -0.993118 0.995858
1.485 0.0859848 -0.993797 0.9963
1.49 0.0810141 -0.994476 0.996718
1.495 0.07604 -0.995155 0.99711
1.5 0.0710626 -0.995833 0.997478
1.505 0.0660817 -0.996512 0.997821
1.51 0.0610974 -0.997191 0.998139
1.515 0.0561098 -0.99787 0.998432
1.52 0.0511187 -0.998548 0.9987
1.525 0.0461243 -0.999227 0.998943
1.53 0.0411265 -0.999906 0.999161
1.535 0.0361252 -1.00058 0.999354
1.54 0.0311206 -1.00126 0.999522
1.545 0.0261126 -1.00194 0.999666
1.55 0.0211012 -1.00262 0.999784
1.555 0.0160864 -1.0033 0.999877
1.56 0.0110682 -1.00398 0.999944
1.565 0.00604662 -1.00466 0.999987
1.57 0.00102164 -1.00534 1
1.575 -0.00400674 -1.00601 0.999997
1.58 -0.00903851 -1.00669 0.999965
1.585 -0.0140737 -1.00737 0.999907
1.59 -0.0191122 -1.00805 0.999824
1.595 -0.0241542 -1.00873 0.999716
1.6 -0.0291995 -1.00941 0.999583
1.605 -0.0342441 -1.00844 0.999424
1.61 -0.0392839 -1.00747 0.99924
1.615 -0.0443188 -1.0065 0.999031
1.62 -0.0493489 -1.00553 0.998797
1.625 -0.0543741 -1.00456 0.998538
1.63 -0.0593945 -1.00359 0.998253
1.635 -0.06441 -1.00262 0.997944
1.64 -0.0694207 -1.00165 0.997609
1.645 -0.0744265 -1.00068 0.997249
1.65 -0.0794275 -0.999711 0.996865
1.655 -0.0844236 -0.998741 0.996455
1.66 -0.0894149 -0.997771 0.996021
1.665 -0.0944013 -0.996801 0.995561
1.67 -0.0993829 -0.995831 0.995077
1.675 -0.10436 -0.994862 0.994567
1.68 -0.109332 -0.993892 0.994033
1.685 -0.114299 -0.992922 0.993474
1.69 -0.119261 -0.991952 0.99289
1.695 -0.124218 -0.990983 0.992281
1.7 -0.129171 -0.990013 0.991648
1.705 -0.134118 -0.989043 0.99099
1.71 -0.139061 -0.988073 0.990307
1.715 -0.143999 -0.987104 0.989599
1.72 -0.148932 -0.986134 0.988867
1.725 -0.15386 -0.985164 0.98811
1.73 -0.158784 -0.984194 0.987328
1.735 -0.163702 -0.983224 0.986522
1.74 -0.168616 -0.982255 0.985691
1.745 -0.173525 -0.981285 0.984836
1.75 -0.178429 -0.980315 0.983956
1.755 -0.183328 -0.979345 0.983051
1.76 -0.188222 -0.978376 0.982123
1.765 -0.193112 -0.977406 0.981169
1.77 -0.197996 -0.976436 0.980191
1.775 -0.202876 -0.975466 0.979189
1.78 -0.207751 -0.974497 0.978163
1.785 -0.212621 -0.973527 0.977112
1.79 -0.217486 -0.972557 0.976037
1.795 -0.222347 -0.971587 0.974937
1.8 -0.227202 -0.970618 0.973813
1.805 -0.232052 -0.969323 0.972665
1.81 -0.236895 -0.968028 0.971493
1.815 -0.241732 -0.966733 0.970296
1.82 -0.246563 -0.965439 0.969075
1.825 -0.251387 -0.964144 0.96783
1.83 -0.256204 -0.962849 0.966561
1.835 -0.261015 -0.961555 0.965268
1.84 -0.26582 -0.96026 0.963951
1.845 -0.270618 -0.958965 0.96261
1.85 -0.275409 -0.957671 0.961245
1.855 -0.280194 -0.956376 0.959856
1.86 -0.284973 -0.955081 0.958443
1.865 -0.289745 -0.953787 0.957006
1.87 -0.294511 -0.952492 0.955546
1.875 -0.29927 -0.951197 0.954061
1.88 -0.304023 -0.949902 0.952553
1.885 -0.308769 -0.948608 0.951021
1.89 -0.313509 -0.947313 0.949465
1.895 -0.318242 -0.946018 0.947886
1.9 -0.322969 -0.944724 0.946283
1.905 -0.32769 -0.943429 0.944656
1.91 -0.332403 -0.942134 0.943006
1.915 -0.337111 -0.94084 0.941332
1.92 -0.341812 -0.939545 0.939635
1.925 -0.346506 -0.93825 0.937914
1.93 -0.351194 -0.936956 0.93617
1.935 -0.355876 -0.935661 0.934402
1.94 -0.360551 -0.934366 0.932611
1.945 -0.36522 -0.933071 0.930797
1.95 -0.369882 -0.931777 0.928959
1.955 -0.374537 -0.930482 0.927098
1.96 -0.379186 -0.929187 0.925214
1.965 -0.383829 -0.927893 0.923306
1.97 -0.388465 -0.926598 0.921375
1.975 -0.393095 -0.925303 0.919421
1.98 -0.397718 -0.924009 0.917444
1.985 -0.402335 -0.922714 0.915444
1.99 -0.406946 -0.921419 0.913421
1.995 -0.411549 -0.920125 0.911375
2 -0.416147 -0.91883 0.909306
2.005 -0.420734 -0.915977 0.907213
2.01 -0.425307 -0.913124 0.905098
2.015 -0.429865 -0.910271 0.90296
2.02 -0.434409 -0.907418 0.9008
2.025 -0.438939 -0.904565 0.898616
2.03 -0.443455 -0.901712 0.89641
2.035 -0.447956 -0.898859 0.894182
2.04 -0.452444 -0.896006 0.891931
2.045 -0.456916 -0.893154 0.889657
2.05 -0.461375 -0.890301 0.887362
2.055 -0.465819 -0.887448 0.885044
2.06 -0.47025 -0.884595 0.882703
2.065 -0.474665 -0.881742 0.880341
2.07 -0.479067 -0.878889 0.877957
2.075 -0.483454 -0.876036 0.87555
2.08 -0.487827 -0.873183 0.873122
2.085 -0.492186 -0.87033 0.870672
2.09 -0.496531 -0.867477 0.8682
2.095 -0.500861 -0.864624 0.865707
2.1 -0.505177 -0.861771 0.863192
2.105 -0.509479 -0.858918 0.860655
2.11 -0.513766 -0.856066 0.858097
2.115 -0.518039 -0.853213 0.855518
2.12 -0.522298 -0.85036 0.852917
2.125 -0.526543 -0.847507 0.850295
2.13 -0.530773 -0.844654 0.847651
2.135 -0.534989 -0.841801 0.844987
2.14 -0.539191 -0.838948 0.842301
2.145 -0.543379 -0.836095 0.839595
2.15 -0.547552 -0.833242 0.836868
2.155 -0.551711 -0.830389 0.834119
2.16 -0.555856 -0.827536 0.831351
2.165 -0.559987 -0.824683 0.828561
2.17 -0.564103 -0.82183 0.825751
2.175 -0.568205 -0.818978 0.82292
2.18 -0.572293 -0.816125 0.820069
2.185 -0.576366 -0.813272 0.817197
2.19 -0.580425 -0.810419 0.814305
2.195 -0.58447 -0.807566 0.811393
2.2 -0.588501 -0.804713 0.80846
2.205 -0.592517 -0.8017 0.805508
2.21 -0.596518 -0.798688 0.802535
2.215 -0.600504 -0.795675 0.799543
2.22 -0.604475 -0.792663 0.79653
2.225 -0.608431 -0.78965 0.793498
2.23 -0.612371 -0.786638 0.790446
2.235 -0.616297 -0.783625 0.787374
2.24 -0.620208 -0.780613 0.784283
2.245 -0.624103 -0.7776 0.781172
2.25 -0.627984 -0.774588 0.778042
2.255 -0.631849 -0.771575 0.774892
2.26 -0.635699 -0.768563 0.771724
2.265 -0.639535 -0.76555 0.768535
2.27 -0.643355 -0.762538 0.765328
2.275 -0.64716 -0.759525 0.762102
2.28 -0.65095 -0.756513 0.758857
2.285 -0.654725 -0.7535 0.755592
2.29 -0.658485 -0.750488 0.752309
2.295 -0.66223 -0.747475 0.749008
2.3 -0.66596 -0.744463 0.745687
2.305 -0.669675 -0.74145 0.742348
2.31 -0.673374 -0.738438 0.73899
2.315 -0.677059 -0.735426 0.735614
2.32 -0.680729 -0.732413 0.73222
2.325 -0.684383 -0.729401 0.728807
2.33 -0.688023 -0.726388 0.725376
2.335 -0.691647 -0.723376 0.721927
2.34 -0.695256 -0.720363 0.71846
2.345 -0.698851 -0.717351 0.714974
2.35 -0.70243 -0.714338 0.711471
2.355 -0.705994 -0.711326 0.70795
2.36 -0.709543 -0.708313 0.704411
2.365 -0.713077 -0.705301 0.700855
2.37 -0.716596 -0.702288 0.69728
2.375 -0.7201 -0.699276 0.693689
2.38 -0.723589 -0.696263 0.690079
2.385 -0.727063 -0.693251 0.686453
2.39 -0.730521 -0.690238 0.682809
2.395 -0.733965 -0.687226 0.679148
2.4 -0.737394 -0.684213 0.675469
2.405 -0.740804 -0.679876 0.671774
2.41 -0.744192 -0.675539 0.668061
2.415 -0.747559 -0.671202 0.664332
2.42 -0.750905 -0.666865 0.660586
2.425 -0.754228 -0.662529 0.656823
2.43 -0.75753 -0.658192 0.653043
2.435 -0.76081 -0.653855 0.649248
2.44 -0.764068 -0.649518 0.645435
2.445 -0.767305 -0.645181 0.641607
2.45 -0.77052 -0.640844 0.637762
2.455 -0.773714 -0.636507 0.633902
2.46 -0.776885 -0.63217 0.630025
2.465 -0.780035 -0.627833 0.626133
2.47 -0.783164 -0.623497 0.622225
2.475 -0.78627 -0.61916 0.618301
2.48 -0.789355 -0.614823 0.614362
2.485 -0.792418 -0.610486 0.610408
2.49 -0.79546 -0.606149 0.606438
2.495 -0.79848 -0.601812 0.602453
2.5 -0.801478 -0.597475 0.598453
2.505 -0.804455 -0.593138 0.594438
2.51 -0.80741 -0.588801 0.590409
2.515 -0.810343 -0.584465 0.586364
2.52 -0.813254 -0.580128 0.582305
2.525 -0.816144 -0.575791 0.578232
2.53 -0.819012 -0.571454 0.574144
2.535 -0.821858 -0.567117 0.570042
2.54 -0.824683 -0.56278 0.565925
2.545 -0.827486 -0.558443 0.561795
2.55 -0.830268 -0.554106 0.557651
2.555 -0.833027 -0.549769 0.553492
2.56 -0.835765 -0.545432 0.54932
2.565 -0.838482 -0.541096 0.545135
2.57 -0.841176 -0.536759 0.540936
2.575 -0.843849 -0.532422 0.536723
2.58 -0.846501 -0.528085 0.532497
2.585 -0.84913 -0.523748 0.528258
2.59 -0.851738 -0.519411 0.524006
2.595 -0.854324 -0.515074 0.519741
2.6 -0.856889 -0.510737 0.515463
2.605 -0.859432 -0.506534 0.511172
2.61 -0.861954 -0.50233 0.506868
2.615 -0.864455 -0.498127 0.502552
2.62 -0.866935 -0.493923 0.498224
2.625 -0.869394 -0.48972 0.493883
2.63 -0.871833 -0.485516 0.48953
2.635 -0.87425 -0.481313 0.485165
2.64 -0.876646 -0.47711 0.480788
2.645 -0.879021 -0.472906 0.476398
2.65 -0.881375 -0.468703 0.471997
2.655 -0.883708 -0.464499 0.467585
2.66 -0.88602 -0.460296 0.46316
2.665 -0.888311 -0.456092 0.458724
2.67 -0.890581 -0.451889 0.454277
2.675 -0.89283 -0.447685 0.449819
2.68 -0.895058 -0.443482 0.445349
2.685 -0.897264 -0.439278 0.440868
2.69 -0.89945 -0.435075 0.436376
2.695 -0.901615 -0.430871 0.431874
2.7 -0.903759 -0.426668 0.42736
2.705 -0.905882 -0.422464 0.422836
2.71 -0.907984 -0.418261 0.418301
2.715 -0.910064 -0.414058 0.413756
2.72 -0.912124 -0.409854 0.409201
2.725 -0.914163 -0.405651 0.404635
2.73 -0.916181 -0.401447 0.400059
2.735 -0.918177 -0.397244 0.395473
2.74 -0.920153 -0.39304 0.390878
2.745 -0.922108 -0.388837 0.386272
2.75 -0.924042 -0.384633 0.381656
2.755 -0.925954 -0.38043 0.377031
2.76 -0.927846 -0.376226 0.372397
2.765 -0.929716 -0.372023 0.367753
2.77 -0.931566 -0.367819 0.3631
2.775 -0.933395 -0.363616 0.358437
2.78 -0.935202 -0.359412 0.353766
2.785 -0.936989 -0.355209 0.349085
2.79 -0.938754 -0.351006 0.344396
2.795 -0.940499 -0.346802 0.339698
2.8 -0.942222 -0.342599 0.334991
2.805 -0.943922 -0.337411 0.330276
2.81 -0.945596 -0.332224 0.325552
2.815 -0.947245 -0.327036 0.32082
2.82 -0.948867 -0.321849 0.31608
2.825 -0.950463 -0.316662 0.311331
2.83 -0.952033 -0.311474 0.306575
2.835 -0.953578 -0.306287 0.301811
2.84 -0.955096 -0.301099 0.297039
2.845 -0.956589 -0.295912 0.29226
2.85 -0.958055 -0.290725 0.287473
2.855 -0.959496 -0.285537 0.28268
2.86 -0.960911 -0.28035 0.277878
2.865 -0.9623 -0.275163 0.27307
2.87 -0.963662 -0.269975 0.268256
2.875 -0.964999 -0.264788 0.263434
2.88 -0.96631 -0.2596 0.258606
2.885 -0.967595 -0.254413 0.253771
2.89 -0.968854 -0.249226 0.24893
2.895 -0.970088 -0.244038 0.244082
2.9 -0.971295 -0.238851 0.239229
2.905 -0.972476 -0.233663 0.234369
2.91 -0.973631 -0.228476 0.229504
2.915 -0.974761 -0.223289 0.224633
2.92 -0.975864 -0.218101 0.219757
2.925 -0.976942 -0.212914 0.214875
2.93 -0.977993 -0.207726 0.209987
2.935 -0.979019 -0.202539 0.205095
2.94 -0.980019 -0.197352 0.200197
2.945 -0.980993 -0.192164 0.195294
2.95 -0.98194 -0.186977 0.190387
2.955 -0.982862 -0.181789 0.185475
2.96 -0.983758 -0.176602 0.180559
2.965 -0.984628 -0.171415 0.175638
2.97 -0.985473 -0.166227 0.170712
2.975 -0.986291 -0.16104 0.165783
2.98 -0.987083 -0.155853 0.160849
2.985 -0.987849 -0.150665 0.155912
2.99 -0.98859 -0.145478 0.150971
2.995 -0.989304 -0.14029 0.146026
3 -0.989992 -0.135103 0.141078
3.005 -0.990656 -0.130423 0.136126
3.01 -0.991297 -0.125744 0.131171
3.015 -0.991914 -0.121064 0.126213
3.02 -0.992507 -0.116385 0.121252
3.025 -0.993078 -0.111705 0.116288
3.03 -0.993624 -0.107026 0.111322
3.035 -0.994148 -0.102346 0.106352
3.04 -0.994648 -0.0976664 0.10138
3.045 -0.995125 -0.0929868 0.0964058
3.05 -0.995578 -0.0883072 0.091429
3.055 -0.996008 -0.0836276 0.08645
3.06 -0.996414 -0.078948 0.081469
3.065 -0.996797 -0.0742685 0.0764859
3.07 -0.997157 -0.0695889 0.071501
3.075 -0.997493 -0.0649093 0.0665144
3.08 -0.997806 -0.0602297 0.0615261
3.085 -0.998095 -0.0555501 0.0565364
3.09 -0.998361 -0.0508706 0.0515452
3.095 -0.998604 -0.046191 0.0465528
3.1 -0.998823 -0.0415114 0.0415592
3.105 -0.999019 -0.0368318 0.0365646
3.11 -0.999192 -0.0321522 0.0315691
3.115 -0.999341 -0.0274727 0.0265727
3.12 -0.999466 -0.0227931 0.0215757
3.125 -0.999569 -0.0181135 0.0165781
3.13 -0.999647 -0.0134339 0.0115801
3.135 -0.999703 -0.00875434 0.00658168
3.14 -0.999735 -0.00407476 0.00158307
3.145 -0.999744 0.000604824 -0.00341563
3.15 -0.999729 0.0052844 -0.00841432
3.155 -0.999691 0.00996398 -0.0134129
3.16 -0.999629 0.0146436 -0.0184112
3.165 -0.999544 0.0193231 -0.0234091
3.17 -0.999436 0.0240027 -0.0284066
3.175 -0.999304 0.0286823 -0.0334035
3.18 -0.999149 0.0333619 -0.0383996
3.185 -0.998971 0.0380415 -0.0433949
3.19 -0.998769 0.042721 -0.0483893
3.195 -0.998543 0.0474006 -0.0533826
3.2 -0.998295 0.0520802 -0.0583747
3.205 -0.998021 0.0573503 -0.0633655
3.21 -0.997721 0.0626205 -0.0683548
3.215 -0.997395 0.0678906 -0.0733426
3.22 -0.997042 0.0731607 -0.0783287
3.225 -0.996663 0.0784309 -0.083313
3.23 -0.996258 0.083701 -0.0882953
3.235 -0.995826 0.0889712 -0.0932756
3.24 -0.995368 0.0942413 -0.0982535
3.245 -0.994884 0.0995114 -0.103229
3.25 -0.994373 0.104782 -0.108202
3.255 -0.993836 0.110052 -0.113173
3.26 -0.993273 0.115322 -0.118141
3.265 -0.992683 0.120592 -0.123106
3.27 -0.992067 0.125862 -0.128067
3.275 -0.991424 0.131132 -0.133026
3.28 -0.990755 0.136402 -0.137982
3.285 -0.99006 0.141673 -0.142934
3.29 -0.989339 0.146943 -0.147882
3.295 -0.988591 0.152213 -0.152827
3.3 -0.987817 0.157483 -0.157768
3.305 -0.987016 0.162753 -0.162705
3.31 -0.986189 0.168023 -0.167638
3.315 -0.985336 0.173293 -0.172567
3.32 -0.984456 0.178563 -0.177492
3.325 -0.98355 0.183834 -0.182412
3.33 -0.982618 0.189104 -0.187327
3.335 -0.981659 0.194374 -0.192238
3.34 -0.980674 0.199644 -0.197144
3.345 -0.979663 0.204914 -0.202044
3.35 -0.978625 0.210184 -0.20694
3.355 -0.977561 0.215454 -0.211831
3.36 -0.97647 0.220725 -0.216716
3.365 -0.975354 0.225995 -0.221595
3.37 -0.97421 0.231265 -0.226469
3.375 -0.973041 0.236535 -0.231337
3.38 -0.971845 0.241805 -0.2362
3.385 -0.970623 0.247075 -0.241056
3.39 -0.969374 0.252345 -0.245906
3.395 -0.968099 0.257615 -0.250749
3.4 -0.966798 0.262886 -0.255587
3.405 -0.965473 0.267251 -0.260417
3.41 -0.964126 0.271617 -0.265241
3.415 -0.962757 0.275983 -0.270059
3.42 -0.961366 0.280348 -0.274869
3.425 -0.959953 0.284714 -0.279672
3.43 -0.958519 0.28908 -0.284468
3.435 -0.957062 0.293445 -0.289257
3.44 -0.955584 0.297811 -0.294039
3.445 -0.954084 0.302177 -0.298813
3.45 -0.952562 0.306542 -0.30358
3.455 -0.951019 0.310908 -0.308339
3.46 -0.949453 0.315274 -0.31309
3.465 -0.947866 0.319639 -0.317833
3.47 -0.946257 0.324005 -0.322569
3.475 -0.944626 0.328371 -0.327296
3.48 -0.942973 0.332736 -0.332015
3.485 -0.941299 0.337102 -0.336725
3.49 -0.939602 0.341468 -0.341428
3.495 -0.937884 0.345833 -0.346121
3.5 -0.936144 0.350199 -0.350807
3.505 -0.934382 0.354565 -0.355483
3.51 -0.932598 0.35893 -0.36015
3.515 -0.930793 0.363296 -0.364809
3.52 -0.928965 0.367662 -0.369458
3.525 -0.927116 0.372027 -0.374098
3.53 -0.925245 0.376393 -0.378729
3.535 -0.923352 0.380759 -0.383351
3.54 -0.921438 0.385124 -0.387963
3.545 -0.919501 0.38949 -0.392565
3.55 -0.917543 0.393856 -0.397158
3.555 -0.915562 0.398221 -0.401741
3.56 -0.91356 0.402587 -0.406313
3.565 -0.911537 0.406952 -0.410876
3.57 -0.909491 0.411318 -0.415429
3.575 -0.907423 0.415684 -0.419971
3.58 -0.905334 0.420049 -0.424503
3.585 -0.903223 0.424415 -0.429024
3.59 -0.90109 0.428781 -0.433535
3.595 -0.898935 0.433146 -0.438035
3.6 -0.896758 0.437512 -0.442524
3.605 -0.894559 0.442084 -0.447003
3.61 -0.892338 0.446656 -0.45147
3.615 -0.890093 0.451228 -0.455926
3.62 -0.887825 0.4558 -0.460371
3.625 -0.885535 0.460372 -0.464804
3.63 -0.883222 0.464945 -0.469226
3.635 -0.880885 0.469517 -0.473636
3.64 -0.878526 0.474089 -0.478035
3.645 -0.876145 0.478661 -0.482422
3.65 -0.87374 0.483233 -0.486796
3.655 -0.871312 0.487805 -0.491159
3.66 -0.868862 0.492377 -0.495509
3.665 -0.866388 0.496949 -0.499848
3.67 -0.863892 0.501521 -0.504173
3.675 -0.861373 0.506093 -0.508486
3.68 -0.858831 0.510665 -0.512787
3.685 -0.856267 0.515237 -0.517075
3.69 -0.853679 0.519809 -0.52135
3.695 -0.851068 0.524381 -0.525612
3.7 -0.848435 0.528954 -0.52986
3.705 -0.845779 0.533526 -0.534096
3.71 -0.8431 0.538098 -0.538318
3.715 -0.840398 0.54267 -0.542527
3.72 -0.837673 0.547242 -0.546722
3.725 -0.834926 0.551814 -0.550903
3.73 -0.832155 0.556386 -0.555071
3.735 -0.829362 0.560958 -0.559225
3.74 -0.826545 0.56553 -0.563365
3.745 -0.823706 0.570102 -0.56749
3.75 -0.820844 0.574674 -0.571602
3.755 -0.81796 0.579246 -0.575699
3.76 -0.815052 0.583818 -0.579781
3.765 -0.812121 0.58839 -0.583849
3.77 -0.809168 0.592962 -0.587903
3.775 -0.806192 0.597535 -0.591941
3.78 -0.803193 0.602107 -0.595964
3.785 -0.800171 0.606679 -0.599973
3.79 -0.797126 0.611251 -0.603966
3.795 -0.794058 0.615823 -0.607944
3.8 -0.790968 0.620395 -0.611907
3.805 -0.787857 0.623706 -0.615854
3.81 -0.784731 0.627017 -0.619785
3.815 -0.781587 0.630329 -0.623701
3.82 -0.778427 0.63364 -0.627601
3.825 -0.775251 0.636951 -0.631485
3.83 -0.772058 0.640263 -0.635353
3.835 -0.768848 0.643574 -0.639206
3.84 -0.765622 0.646885 -0.643042
3.845 -0.762379 0.650196 -0.646862
3.85 -0.75912 0.653508 -0.650666
3.855 -0.755844 0.656819 -0.654453
3.86 -0.752552 0.66013 -0.658224
3.865 -0.749243 0.663442 -0.661979
3.87 -0.745918 0.666753 -0.665717
3.875 -0.742576 0.670064 -0.669438
3.88 -0.739217 0.673375 -0.673142
3.885 -0.735842 0.676687 -0.67683
3.89 -0.73245 0.679998 -0.680501
3.895 -0.729042 0.683309 -0.684154
3.9 -0.725617 0.68662 -0.687791
3.905 -0.722176 0.689932 -0.691411
3.91 -0.718718 0.693243 -0.695013
3.915 -0.715243 0.696554 -0.698598
3.92 -0.711752 0.699866 -0.702165
3.925 -0.708244 0.703177 -0.705715
3.93 -0.70472 0.706488 -0.709248
3.935 -0.70118 0.709799 -0.712762
3.94 -0.697622 0.713111 -0.716259
3.945 -0.694048 0.716422 -0.719739
3.95 -0.690458 0.719733 -0.7232
3.955 -0.686851 0.723045 -0.726643
3.96 -0.683228 0.726356 -0.730068
3.965 -0.679588 0.729667 -0.733475
3.97 -0.675931 0.732978 -0.736864
3.975 -0.672258 0.73629 -0.740235
3.98 -0.668568 0.739601 -0.743587
3.985 -0.664862 0.742912 -0.74692
3.99 -0.661139 0.746223 -0.750235
3.995 -0.6574 0.749535 -0.753532
4 -0.653644 0.752846 -0.756809
4.005 -0.649871 0.756049 -0.760068
4.01 -0.646083 0.759253 -0.763308
4.015 -0.642279 0.762456 -0.766529
4.02 -0.638459 0.76566 -0.769731
4.025 -0.634622 0.768863 -0.772913
4.03 -0.63077 0.772066 -0.776077
4.035 -0.626902 0.77527 -0.779221
4.04 -0.623017 0.778473 -0.782346
4.045 -0.619117 0.781677 -0.785451
4.05 -0.6152 0.78488 -0.788537
4.055 -0.611268 0.788083 -0.791603
4.06 -0.60732 0.791287 -0.79465
4.065 -0.603355 0.79449 -0.797676
4.07 -0.599375 0.797694 -0.800683
4.075 -0.595378 0.800897 -0.80367
4.08 -0.591366 0.8041 -0.806637
4.085 -0.587337 0.807304 -0.809584
4.09 -0.583293 0.810507 -0.81251
4.095 -0.579232 0.813711 -0.815417
4.1 -0.575156 0.816914 -0.818303
4.105 -0.571063 0.820117 -0.821168
4.11 -0.566954 0.823321 -0.824013
4.115 -0.56283 0.826524 -0.826838
4.12 -0.558689 0.829728 -0.829641
4.125 -0.554533 0.832931 -0.832425
4.13 -0.55036 0.836134 -0.835187
4.135 -0.546171 0.839338 -0.837928
4.14 -0.541967 0.842541 -0.840648
4.145 -0.537746 0.845745 -0.843348
4.15 -0.533509 0.848948 -0.846026
4.155 -0.529256 0.852151 -0.848683
4.16 -0.524988 0.855355 -0.851318
4.165 -0.520703 0.858558 -0.853933
4.17 -0.516402 0.861762 -0.856525
4.175 -0.512085 0.864965 -0.859097
4.18 -0.507752 0.868168 -0.861646
4.185 -0.503403 0.871372 -0.864174
4.19 -0.499039 0.874575 -0.86668
4.195 -0.494658 0.877779 -0.869165
4.2 -0.490261 0.880982 -0.871627
4.205 -0.485852 0.882665 -0.874067
4.21 -0.481434 0.884348 -0.876485
4.215 -0.477008 0.886031 -0.878881
4.22 -0.472574 0.887714 -0.881255
4.225 -0.468131 0.889396 -0.883607
4.23 -0.46368 0.891079 -0.885937
4.235 -0.45922 0.892762 -0.888244
4.24 -0.454752 0.894445 -0.890529
4.245 -0.450276 0.896128 -0.892791
4.25 -0.445791 0.897811 -0.895032
4.255 -0.441298 0.899494 -0.897249
4.26 -0.436796 0.901177 -0.899445
4.265 -0.432286 0.90286 -0.901617
4.27 -0.427767 0.904542 -0.903767
4.275 -0.423241 0.906225 -0.905895
4.28 -0.418705 0.907908 -0.908
4.285 -0.414161 0.909591 -0.910082
4.29 -0.409609 0.911274 -0.912141
4.295 -0.405049 0.912957 -0.914178
4.3 -0.40048 0.91464 -0.916192
4.305 -0.395902 0.916323 -0.918183
4.31 -0.391317 0.918006 -0.920151
4.315 -0.386722 0.919688 -0.922096
4.32 -0.38212 0.921371 -0.924018
4.325 -0.377509 0.923054 -0.925917
4.33 -0.372889 0.924737 -0.927793
4.335 -0.368261 0.92642 -0.929646
4.34 -0.363625 0.928103 -0.931476
4.345 -0.35898 0.929786 -0.933282
4.35 -0.354327 0.931469 -0.935066
4.355 -0.349665 0.933152 -0.936826
4.36 -0.344996 0.934834 -0.938562
4.365 -0.340317 0.936517 -0.940275
4.37 -0.33563 0.9382 -0.941965
4.375 -0.330935 0.939883 -0.943632
4.38 -0.326232 0.941566 -0.945275
4.385 -0.321519 0.943249 -0.946894
4.39 -0.316799 0.944932 -0.94849
4.395 -0.31207 0.946615 -0.950062
4.4 -0.307333 0.948298 -0.951611
4.405 -0.302588 0.949678 -0.953135
4.41 -0.297836 0.951058 -0.954636
4.415 -0.293077 0.952438 -0.956114
4.42 -0.288312 0.953818 -0.957567
4.425 -0.283539 0.955199 -0.958997
4.43 -0.27876 0.956579 -0.960403
4.435 -0.273973 0.957959 -0.961784
4.44 -0.26918 0.959339 -0.963142
4.445 -0.26438 0.960719 -0.964476
4.45 -0.259573 0.9621 -0.965786
4.455 -0.254759 0.96348 -0.967072
4.46 -0.249938 0.96486 -0.968334
4.465 -0.24511 0.96624 -0.969571
4.47 -0.240276 0.96762 -0.970785
4.475 -0.235434 0.969001 -0.971974
4.48 -0.230586 0.970381 -0.973139
4.485 -0.22573 0.971761 -0.97428
4.49 -0.220868 0.973141 -0.975396
4.495 -0.215999 0.974522 -0.976489
4.5 -0.211123 0.975902 -0.977556
4.505 -0.20624 0.977282 -0.9786
4.51 -0.20135 0.978662 -0.979619
4.515 -0.196453 0.980042 -0.980613
4.52 -0.19155 0.981423 -0.981583
4.525 -0.186639 0.982803 -0.982529
4.53 -0.181722 0.984183 -0.98345
4.535 -0.176797 0.985563 -0.984346
4.54 -0.171866 0.986943 -0.985218
4.545 -0.166928 0.988324 -0.986065
4.55 -0.161983 0.989704 -0.986887
4.555 -0.157031 0.991084 -0.987684
4.56 -0.152072 0.992464 -0.988457
4.565 -0.147106 0.993844 -0.989205
4.57 -0.142133 0.995225 -0.989928
4.575 -0.137154 0.996605 -0.990626
4.58 -0.132167 0.997985 -0.9913
4.585 -0.127174 0.999365 -0.991948
4.59 -0.122174 1.00075 -0.992571
4.595 -0.117167 1.00213 -0.99317
4.6 -0.112153 1.00351 -0.993743
4.605 -0.107136 1.00324 -0.994291
4.61 -0.10212 1.00298 -0.994814
4.615 -0.0971058 1.00272 -0.995313
4.62 -0.0920929 1.00246 -0.995786
4.625 -0.0870813 1.00219 -0.996233
4.63 -0.082071 1.00193 -0.996656
4.635 -0.077062 1.00167 -0.997054
4.64 -0.0720543 1.00141 -0.997427
4.645 -0.0670479 1.00114 -0.997775
4.65 -0.0620428 1.00088 -0.998097
4.655 -0.0570391 1.00062 -0.998395
4.66 -0.0520366 1.00036 -0.998668
4.665 -0.0470355 1.00009 -0.998916
4.67 -0.0420357 0.999832 -0.999138
4.675 -0.0370372 0.99957 -0.999336
4.68 -0.03204 0.999307 -0.999509
4.685 -0.0270441 0.999045 -0.999656
4.69 -0.0220496 0.998782 -0.999779
4.695 -0.0170563 0.99852 -0.999877
4.7 -0.0120644 0.998258 -0.99995
4.705 -0.00707372 0.997995 -0.999997
4.71 -0.0020844 0.997733 -1.00002
4.715 0.00290361 0.99747 -1.00002
4.72 0.0078903 0.997208 -0.999991
4.725 0.0128757 0.996945 -0.999939
4.73 0.0178598 0.996683 -0.999863
4.735 0.0228425 0.996421 -0.999761
4.74 0.027824 0.996158 -0.999634
4.745 0.0328041 0.995896 -0.999483
4.75 0.0377829 0.995633 -0.999306
4.755 0.0427604 0.995371 -0.999105
4.76 0.0477366 0.995109 -0.998878
4.765 0.0527115 0.994846 -0.998627
4.77 0.0576851 0.994584 -0.998351
4.775 0.0626574 0.994321 -0.998051
4.78 0.0676283 0.994059 -0.997725
4.785 0.0725979 0.993796 -0.997374
4.79 0.0775663 0.993534 -0.996999
4.795 0.0825333 0.993272 -0.996599
4.8 0.087499 0.993009 -0.996174
4.805 0.0924625 0.9924 -0.995724
4.81 0.097423 0.99179 -0.995249
4.815 0.10238 0.99118 -0.994749
4.82 0.107335 0.990571 -0.994225
4.825 0.112286 0.989961 -0.993676
4.83 0.117234 0.989351 -0.993102
4.835 0.12218 0.988742 -0.992504
4.84 0.127122 0.988132 -0.99188
4.845 0.132061 0.987522 -0.991232
4.85 0.136997 0.986913 -0.99056
4.855 0.14193 0.986303 -0.989863
4.86 0.14686 0.985693 -0.989141
4.865 0.151787 0.985084 -0.988394
4.87 0.156711 0.984474 -0.987623
4.875 0.161632 0.983864 -0.986827
4.88 0.16655 0.983255 -0.986006
4.885 0.171464 0.982645 -0.985161
4.89 0.176376 0.982035 -0.984292
4.895 0.181285 0.981426 -0.983398
4.9 0.18619 0.980816 -0.982479
4.905 0.191093 0.980206 -0.981536
4.91 0.195992 0.979597 -0.980568
4.915 0.200889 0.978987 -0.979576
4.92 0.205782 0.978377 -0.978559
4.925 0.210673 0.977768 -0.977518
4.93 0.21556 0.977158 -0.976452
4.935 0.220444 0.976548 -0.975362
4.94 0.225325 0.975939 -0.974248
4.945 0.230204 0.975329 -0.973109
4.95 0.235079 0.974719 -0.971946
4.955 0.239951 0.97411 -0.970758
4.96 0.24482 0.9735 -0.969546
4.965 0.249686 0.97289 -0.96831
4.97 0.254549 0.972281 -0.96705
4.975 0.259409 0.971671 -0.965765
4.98 0.264265 0.971061 -0.964455
4.985 0.269119 0.970452 -0.963122
4.99 0.27397 0.969842 -0.961764
4.995 0.278818 0.969232 -0.960382
5 0.283662 0.968623 -0.958976
5.005 0.2885 0.966405 -0.957546
5.01 0.293326 0.964188 -0.956091
5.015 0.298142 0.96197 -0.954612
5.02 0.302946 0.959753 -0.95311
5.025 0.307739 0.957535 -0.951583
5.03 0.312521 0.955318 -0.950032
5.035 0.317292 0.9531 -0.948458
5.04 0.322052 0.950883 -0.946859
5.045 0.326801 0.948665 -0.945237
5.05 0.331539 0.946448 -0.943591
5.055 0.336266 0.94423 -0.941922
5.06 0.340981 0.942013 -0.940229
5.065 0.345686 0.939795 -0.938512
5.07 0.350379 0.937578 -0.936772
5.075 0.355062 0.93536 -0.935008
5.08 0.359733 0.933143 -0.933221
5.085 0.364393 0.930925 -0.931411
5.09 0.369042 0.928707 -0.929577
5.095 0.37368 0.92649 -0.927721
5.1 0.378307 0.924272 -0.925841
5.105 0.382923 0.922055 -0.923938
5.11 0.387527 0.919837 -0.922011
5.115 0.392121 0.91762 -0.920062
5.12 0.396704 0.915402 -0.91809
5.125 0.401275 0.913185 -0.916095
5.13 0.405836 0.910967 -0.914078
5.135 0.410385 0.90875 -0.912037
5.14 0.414923 0.906532 -0.909974
5.145 0.41945 0.904315 -0.907888
5.15 0.423966 0.902097 -0.905779
5.155 0.428471 0.89988 -0.903648
5.16 0.432965 0.897662 -0.901495
5.165 0.437448 0.895445 -0.899319
5.17 0.441919 0.893227 -0.89712
5.175 0.44638 0.89101 -0.894899
5.18 0.45083 0.888792 -0.892656
5.185 0.455268 0.886575 -0.890391
5.19 0.459695 0.884357 -0.888104
5.195 0.464112 0.88214 -0.885794
5.2 0.468517 0.879922 -0.883463
5.205 0.47291 0.87747 -0.881109
5.21 0.477291 0.875018 -0.878733
5.215 0.48166 0.872566 -0.876336
5.22 0.486017 0.870114 -0.873917
5.225 0.490361 0.867662 -0.871476
5.23 0.494694 0.86521 -0.869013
5.235 0.499014 0.862758 -0.866529
5.24 0.503321 0.860306 -0.864023
5.245 0.507617 0.857854 -0.861496
5.25 0.5119 0.855402 -0.858947
5.255 0.516171 0.852949 -0.856377
5.26 0.520429 0.850497 -0.853785
5.265 0.524676 0.848045 -0.851173
5.27 0.52891 0.845593 -0.848539
5.275 0.533132 0.843141 -0.845883
5.28 0.537341 0.840689 -0.843207
5.285 0.541538 0.838237 -0.84051
5.29 0.545723 0.835785 -0.837792
5.295 0.549896 0.833333 -0.835053
5.3 0.554057 0.830881 -0.832293
5.305 0.558205 0.828429 -0.829512
5.31 0.562341 0.825977 -0.826711
5.315 0.566465 0.823525 -0.823889
5.32 0.570576 0.821073 -0.821046
5.325 0.574676 0.818621 -0.818183
5.33 0.578763 0.816169 -0.8153
5.335 0.582837 0.813717 -0.812396
5.34 0.5869 0.811265 -0.809471
5.345 0.59095 0.808813 -0.806527
5.35 0.594988 0.806361 -0.803562
5.355 0.599014 0.803908 -0.800577
5.36 0.603027 0.801456 -0.797572
5.365 0.607028 0.799004 -0.794547
5.37 0.611017 0.796552 -0.791501
5.375 0.614994 0.7941 -0.788436
5.38 0.618958 0.791648 -0.785351
5.385 0.62291 0.789196 -0.782247
5.39 0.62685 0.786744 -0.779122
5.395 0.630778 0.784292 -0.775978
5.4 0.634693 0.78184 -0.772815
5.405 0.638592 0.777966 -0.769631
5.41 0.642473 0.774093 -0.766429
5.415 0.646333 0.770219 -0.763207
5.42 0.650175 0.766345 -0.759965
5.425 0.653997 0.762471 -0.756705
5.43 0.657799 0.758598 -0.753426
5.435 0.661583 0.754724 -0.750127
5.44 0.665347 0.75085 -0.74681
5.445 0.669091 0.746976 -0.743474
5.45 0.672816 0.743103 -0.740119
5.455 0.676522 0.739229 -0.736745
5.46 0.680209 0.735355 -0.733354
5.465 0.683876 0.731481 -0.729943
5.47 0.687524 0.727608 -0.726515
5.475 0.691152 0.723734 -0.723068
5.48 0.694761 0.71986 -0.719603
5.485 0.69835 0.715986 -0.716121
5.49 0.701921 0.712113 -0.71262
5.495 0.705472 0.708239 -0.709101
5.5 0.709003 0.704365 -0.705565
5.505 0.712515 0.700491 -0.702011
5.51 0.716008 0.696618 -0.69844
5.515 0.719481 0.692744 -0.694851
5.52 0.722935 0.68887 -0.691245
5.525 0.72637 0.684996 -0.687622
5.53 0.729785 0.681123 -0.683982
5.535 0.733181 0.677249 -0.680324
5.54 0.736558 0.673375 -0.67665
5.545 0.739915 0.669501 -0.672959
5.55 0.743253 0.665628 -0.669251
5.555 0.746571 0.661754 -0.665526
5.56 0.74987 0.65788 -0.661785
5.565 0.75315 0.654006 -0.658028
5.57 0.756411 0.650133 -0.654254
5.575 0.759652 0.646259 -0.650464
5.58 0.762873 0.642385 -0.646657
5.585 0.766075 0.638511 -0.642835
5.59 0.769258 0.634638 -0.638996
5.595 0.772422 0.630764 -0.635142
5.6 0.775566 0.62689 -0.631272
5.605 0.778691 0.623034 -0.627387
5.61 0.781796 0.619178 -0.623485
5.615 0.784882 0.615322 -0.619569
5.62 0.787949 0.611466 -0.615637
5.625 0.790997 0.60761 -0.611689
5.63 0.794026 0.603753 -0.607727
5.635 0.797035 0.599897 -0.603749
5.64 0.800025 0.596041 -0.599756
5.645 0.802995 0.592185 -0.595749
5.65 0.805946 0.588329 -0.591726
5.655 0.808878 0.584473 -0.587689
5.66 0.811791 0.580617 -0.583638
5.665 0.814685 0.576761 -0.579571
5.67 0.817559 0.572905 -0.575491
5.675 0.820414 0.569049 -0.571396
5.68 0.823249 0.565193 -0.567287
5.685 0.826066 0.561336 -0.563163
5.69 0.828863 0.55748 -0.559026
5.695 0.83164 0.553624 -0.554875
5.7 0.834399 0.549768 -0.55071
5.705 0.837138 0.545912 -0.546531
5.71 0.839858 0.542056 -0.542338
5.715 0.842559 0.5382 -0.538132
5.72 0.84524 0.534344 -0.533913
5.725 0.847902 0.530488 -0.52968
5.73 0.850545 0.526632 -0.525434
5.735 0.853168 0.522776 -0.521175
5.74 0.855773 0.518919 -0.516902
5.745 0.858357 0.515063 -0.512617
5.75 0.860923 0.511207 -0.508319
5.755 0.86347 0.507351 -0.504008
5.76 0.865997 0.503495 -0.499684
5.765 0.868505 0.499639 -0.495348
5.77 0.870993 0.495783 -0.490999
5.775 0.873462 0.491927 -0.486638
5.78 0.875912 0.488071 -0.482264
5.785 0.878343 0.484215 -0.477879
5.79 0.880754 0.480359 -0.473481
5.795 0.883147 0.476502 -0.469071
5.8 0.88552 0.472646 -0.46465
5.805 0.88787 0.467677 -0.460216
5.81 0.890196 0.462707 -0.455771
5.815 0.892497 0.457737 -0.451314
5.82 0.894774 0.452768 -0.446846
5.825 0.897025 0.447798 -0.442366
5.83 0.899252 0.442829 -0.437876
5.835 0.901453 0.437859 -0.433374
5.84 0.90363 0.432889 -0.428861
5.845 0.905782 0.42792 -0.424338
5.85 0.907909 0.42295 -0.419804
5.855 0.910012 0.41798 -0.415259
5.86 0.912089 0.413011 -0.410703
5.865 0.914142 0.408041 -0.406138
5.87 0.91617 0.403072 -0.401562
5.875 0.918173 0.398102 -0.396976
5.88 0.920151 0.393132 -0.39238
5.885 0.922104 0.388163 -0.387775
5.89 0.924032 0.383193 -0.383159
5.895 0.925936 0.378223 -0.378534
5.9 0.927815 0.373254 -0.3739
5.905 0.929668 0.368284 -0.369256
5.91 0.931497 0.363315 -0.364603
5.915 0.933302 0.358345 -0.359941
5.92 0.935081 0.353375 -0.35527
5.925 0.936835 0.348406 -0.350591
5.93 0.938565 0.343436 -0.345902
5.935 0.94027 0.338466 -0.341205
5.94 0.94195 0.333497 -0.336499
5.945 0.943605 0.328527 -0.331786
5.95 0.945235 0.323558 -0.327063
5.955 0.94684 0.318588 -0.322333
5.96 0.948421 0.313618 -0.317595
5.965 0.949976 0.308649 -0.312849
5.97 0.951507 0.303679 -0.308095
5.975 0.953013 0.298709 -0.303334
5.98 0.954494 0.29374 -0.298565
5.985 0.955951 0.28877 -0.293789
5.99 0.957382 0.283801 -0.289006
5.995 0.958789 0.278831 -0.284215
6 0.96017 0.273861 -0.279418
6.005 0.961528 0.269261 -0.274614
6.01 0.962863 0.264661 -0.269803
6.015 0.964175 0.260061 -0.264985
6.02 0.965464 0.255461 -0.260161
6.025 0.966729 0.250861 -0.255331
6.03 0.967972 0.246261 -0.250494
6.035 0.969192 0.241661 -0.245651
6.04 0.970389 0.23706 -0.240802
6.045 0.971563 0.23246 -0.235947
6.05 0.972713 0.22786 -0.231086
6.055 0.973841 0.22326 -0.22622
6.06 0.974946 0.21866 -0.221348
6.065 0.976028 0.21406 -0.216471
6.07 0.977087 0.20946 -0.211588
6.075 0.978122 0.20486 -0.2067
6.08 0.979135 0.20026 -0.201807
6.085 0.980125 0.195659 -0.196908
6.09 0.981092 0.191059 -0.192005
6.095 0.982036 0.186459 -0.187097
6.1 0.982956 0.181859 -0.182185
6.105 0.983854 0.177259 -0.177268
6.11 0.984729 0.172659 -0.172346
6.115 0.985581 0.168059 -0.167421
6.12 0.986409 0.163459 -0.162491
6.125 0.987215 0.158858 -0.157557
6.13 0.987998 0.154258 -0.152619
6.135 0.988758 0.149658 -0.147677
6.14 0.989495 0.145058 -0.142731
6.145 0.990208 0.140458 -0.137782
6.15 0.990899 0.135858 -0.132829
6.155 0.991567 0.131258 -0.127873
6.16 0.992212 0.126658 -0.122913
6.165 0.992834 0.122058 -0.117951
6.17 0.993432 0.117457 -0.112985
6.175 0.994008 0.112857 -0.108016
6.18 0.994561 0.108257 -0.103045
6.185 0.995091 0.103657 -0.0980709
6.19 0.995598 0.099057 -0.0930942
6.195 0.996081 0.0944569 -0.088115
6.2 0.996542 0.0898568 -0.0831334
6.205 0.996978 0.0845246 -0.0781496
6.21 0.997387 0.0791925 -0.0731637
6.215 0.99777 0.0738604 -0.0681758
6.22 0.998126 0.0685282 -0.063186
6.225 0.998455 0.0631961 -0.0581946
6.23 0.998758 0.057864 -0.0532015
6.235 0.999034 0.0525318 -0.048207
6.24 0.999283 0.0471997 -0.0432112
6.245 0.999506 0.0418676 -0.0382142
6.25 0.999702 0.0365354 -0.0332162
6.255 0.999871 0.0312033 -0.0282173
6.26 1.00001 0.0258712 -0.0232175
6.265 1.00013 0.020539 -0.0182172
6.27 1.00022 0.0152069 -0.0132163
6.275 1.00028 0.00987478 -0.00821501
6.28 1.00032 0.00454264 -0.0032135
6.285 1.00033 -0.00078949 0.00178813
6.29 1.00031 -0.00612162 0.00678973
6.295 1.00027 -0.0114538 0.0117912
6.3 1.0002 -0.0167859 0.0167923
6.305 1.0001 -0.022118 0.0217931
6.31 0.999974 -0.0274502 0.0267933
6.315 0.999824 -0.0327823 0.0317928
6.32 0.999647 -0.0381144 0.0367915
6.325 0.999443 -0.0434466 0.0417892
6.33 0.999212 -0.0487787 0.0467859
6.335 0.998955 -0.0541108 0.0517813
6.34 0.998671 -0.059443 0.0567754
6.345 0.998361 -0.0647751 0.061768
6.35 0.998023 -0.0701072 0.0667589
6.355 0.997659 -0.0754394 0.0717481
6.36 0.997269 -0.0807715 0.0767355
6.365 0.996852 -0.0861036 0.0817208
6.37 0.996408 -0.0914358 0.086704
6.375 0.995937 -0.0967679 0.0916848
6.38 0.99544 -0.1021 0.0966633
6.385 0.994916 -0.107432 0.101639
6.39 0.994366 -0.112764 0.106612
6.395 0.993789 -0.118096 0.111583
6.4 0.993185 -0.123429 0.11655
6.405 0.992556 -0.127995 0.121515
6.41 0.991905 -0.132562 0.126476
6.415 0.991231 -0.137129 0.131434
6.42 0.990534 -0.141695 0.136388
6.425 0.989814 -0.146262 0.141339
6.43 0.989071 -0.150828 0.146286
6.435 0.988306 -0.155395 0.15123
6.44 0.987517 -0.159962 0.156169
6.445 0.986706 -0.164528 0.161105
6.45 0.985872 -0.169095 0.166036
6.455 0.985015 -0.173662 0.170963
6.46 0.984135 -0.178228 0.175886
6.465 0.983233 -0.182795 0.180805
6.47 0.982307 -0.187362 0.185719
6.475 0.981359 -0.191928 0.190628
6.48 0.980388 -0.196495 0.195532
6.485 0.979394 -0.201062 0.200432
6.49 0.978377 -0.205628 0.205326
6.495 0.977338 -0.210195 0.210215
6.5 0.976275 -0.214762 0.215099
6.505 0.97519 -0.219328 0.219978
6.51 0.974082 -0.223895 0.224851
6.515 0.972951 -0.228462 0.229719
6.52 0.971798 -0.233028 0.234581
6.525 0.970621 -0.237595 0.239437
6.53 0.969422 -0.242162 0.244287
6.535 0.968199 -0.246728 0.249131
6.54 0.966954 -0.251295 0.253969
6.545 0.965686 -0.255862 0.2588
6.55 0.964396 -0.260428 0.263626
6.555 0.963082 -0.264995 0.268444
6.56 0.961746 -0.269561 0.273256
6.565 0.960386 -0.274128 0.278062
6.57 0.959004 -0.278695 0.28286
6.575 0.9576 -0.283261 0.287652
6.58 0.956172 -0.287828 0.292436
6.585 0.954721 -0.292395 0.297213
6.59 0.953248 -0.296961 0.301983
6.595 0.951752 -0.301528 0.306746
6.6 0.950233 -0.306095 0.311501
6.605 0.94869 -0.310999 0.316248
6.61 0.947123 -0.315903 0.320988
6.615 0.945531 -0.320807 0.325719
6.62 0.943915 -0.325711 0.330443
6.625 0.942274 -0.330615 0.335158
6.63 0.940608 -0.335519 0.339866
6.635 0.938919 -0.340423 0.344565
6.64 0.937204 -0.345327 0.349255
6.645 0.935465 -0.350231 0.353937
6.65 0.933702 -0.355135 0.358609
6.655 0.931914 -0.360039 0.363274
6.66 0.930101 -0.364943 0.367929
6.665 0.928264 -0.369847 0.372574
6.67 0.926403 -0.374751 0.377211
6.675 0.924517 -0.379655 0.381838
6.68 0.922606 -0.384559 0.386456
6.685 0.920671 -0.389463 0.391064
6.69 0.918712 -0.394367 0.395663
6.695 0.916728 -0.399271 0.400252
6.7 0.914719 -0.404176 0.40483
6.705 0.912686 -0.40908 0.409399
6.71 0.910628 -0.413984 0.413957
6.715 0.908546 -0.418888 0.418505
6.72 0.906439 -0.423792 0.423042
6.725 0.904308 -0.428696 0.427569
6.73 0.902152 -0.4336 0.432085
6.735 0.899972 -0.438504 0.436591
6.74 0.897767 -0.443408 0.441085
6.745 0.895538 -0.448312 0.445568
6.75 0.893284 -0.453216 0.450041
6.755 0.891006 -0.45812 0.454501
6.76 0.888703 -0.463024 0.458951
6.765 0.886376 -0.467928 0.463388
6.77 0.884024 -0.472832 0.467814
6.775 0.881647 -0.477736 0.472228
6.78 0.879246 -0.48264 0.476631
6.785 0.876821 -0.487544 0.481021
6.79 0.874371 -0.492448 0.485399
6.795 0.871897 -0.497352 0.489765
6.8 0.869397 -0.502256 0.494118
6.805 0.866877 -0.506017 0.498458
6.81 0.864337 -0.509778 0.502787
6.815 0.861779 -0.513539 0.507102
6.82 0.859202 -0.5173 0.511404
6.825 0.856606 -0.521061 0.515694
6.83 0.853991 -0.524822 0.51997
6.835 0.851358 -0.528583 0.524234
6.84 0.848705 -0.532344 0.528484
6.845 0.846034 -0.536105 0.532721
6.85 0.843344 -0.539866 0.536944
6.855 0.840636 -0.543627 0.541154
6.86 0.837908 -0.547388 0.54535
6.865 0.835162 -0.551149 0.549533
6.87 0.832397 -0.55491 0.553702
6.875 0.829613 -0.558671 0.557857
6.88 0.82681 -0.562432 0.561998
6.885 0.823988 -0.566193 0.566125
6.89 0.821148 -0.569954 0.570238
6.895 0.818289 -0.573715 0.574337
6.9 0.815411 -0.577476 0.578421
6.905 0.812514 -0.581237 0.582491
6.91 0.809598 -0.584998 0.586546
6.915 0.806664 -0.588759 0.590587
6.92 0.803711 -0.59252 0.594613
6.925 0.800739 -0.596281 0.598624
6.93 0.797748 -0.600042 0.60262
6.935 0.794738 -0.603803 0.606601
6.94 0.79171 -0.607564 0.610567
6.945 0.788663 -0.611325 0.614518
6.95 0.785597 -0.615086 0.618454
6.955 0.782512 -0.618847 0.622374
6.96 0.779408 -0.622608 0.626279
6.965 0.776286 -0.626369 0.630168
6.97 0.773145 -0.63013 0.634042
6.975 0.769985 -0.633891 0.6379
6.98 0.766806 -0.637652 0.641742
6.985 0.763608 -0.641413 0.645568
6.99 0.760392 -0.645174 0.649378
6.995 0.757156 -0.648935 0.653172
7 0.753902 -0.652696 0.656949
7.005 0.750629 -0.656449 0.660711
7.01 0.747338 -0.660202 0.664455
7.015 0.744027 -0.663955 0.668184
7.02 0.740698 -0.667708 0.671896
7.025 0.73735 -0.671461 0.675591
7.03 0.733984 -0.675214 0.679269
7.035 0.730598 -0.678967 0.682931
7.04 0.727194 -0.68272 0.686575
7.045 0.723771 -0.686472 0.690203
7.05 0.720329 -0.690225 0.693813
7.055 0.716869 -0.693978 0.697406
7.06 0.713389 -0.697731 0.700981
7.065 0.709891 -0.701484 0.70454
7.07 0.706375 -0.705237 0.70808
7.075 0.702839 -0.70899 0.711603
7.08 0.699285 -0.712743 0.715109
7.085 0.695712 -0.716496 0.718596
7.09 0.69212 -0.720249 0.722066
7.095 0.688509 -0.724002 0.725517
7.1 0.68488 -0.727755 0.728951
7.105 0.681232 -0.731508 0.732366
7.11 0.677565 -0.735261 0.735763
7.115 0.673879 -0.739013 0.739142
7.12 0.670175 -0.742766 0.742502
7.125 0.666451 -0.746519 0.745843
7.13 0.662709 -0.750272 0.749166
7.135 0.658949 -0.754025 0.752471
7.14 0.655169 -0.757778 0.755756
7.145 0.651371 -0.761531 0.759022
7.15 0.647554 -0.765284 0.76227
7.155 0.643718 -0.769037 0.765498
7.16 0.639863 -0.77279 0.768707
7.165 0.63599 -0.776543 0.771896
7.17 0.632098 -0.780296 0.775067
7.175 0.628187 -0.784049 0.778217
7.18 0.624257 -0.787802 0.781348
7.185 0.620309 -0.791555 0.78446
7.19 0.616342 -0.795307 0.787551
7.195 0.612356 -0.79906 0.790623
7.2 0.608351 -0.802813 0.793675
7.205 0.604331 -0.805124 0.796707
7.21 0.6003 -0.807434 0.799718
7.215 0.596257 -0.809744 0.80271
7.22 0.592203 -0.812055 0.805681
7.225 0.588137 -0.814365 0.808632
7.23 0.584059 -0.816675 0.811562
7.235 0.57997 -0.818986 0.814472
7.24 0.575869 -0.821296 0.817362
7.245 0.571757 -0.823606 0.820231
7.25 0.567633 -0.825917 0.823079
7.255 0.563498 -0.828227 0.825907
7.26 0.559351 -0.830537 0.828714
7.265 0.555192 -0.832848 0.831501
7.27 0.551022 -0.835158 0.834266
7.275 0.546841 -0.837468 0.837011
7.28 0.542648 -0.839779 0.839735
7.285 0.538443 -0.842089 0.842437
7.29 0.534227 -0.844399 0.845119
7.295 0.529999 -0.84671 0.84778
7.3 0.52576 -0.84902 0.850419
7.305 0.521509 -0.85133 0.853037
7.31 0.517246 -0.853641 0.855634
7.315 0.512972 -0.855951 0.85821
7.32 0.508687 -0.858261 0.860764
7.325 0.50439 -0.860572 0.863296
7.33 0.500081 -0.862882 0.865808
7.335 0.495761 -0.865192 0.868297
7.34 0.491429 -0.867503 0.870765
7.345 0.487086 -0.869813 0.873212
7.35 0.482731 -0.872123 0.875636
7.355 0.478365 -0.874434 0.878039
7.36 0.473987 -0.876744 0.88042
7.365 0.469597 -0.879054 0.882779
7.37 0.465196 -0.881365 0.885116
7.375 0.460784 -0.883675 0.887431
7.38 0.456359 -0.885985 0.889723
7.385 0.451924 -0.888296 0.891994
7.39 0.447476 -0.890606 0.894243
7.395 0.443018 -0.892916 0.896469
7.4 0.438547 -0.895227 0.898673
7.405 0.434066 -0.897287 0.900854
7.41 0.429574 -0.899348 0.903014
7.415 0.425073 -0.901408 0.90515
7.42 0.42056 -0.903469 0.907264
7.425 0.416038 -0.905529 0.909356
7.43 0.411505 -0.90759 0.911425
7.435 0.406962 -0.90965 0.913471
7.44 0.402409 -0.911711 0.915494
7.445 0.397845 -0.913771 0.917495
7.45 0.393271 -0.915832 0.919473
7.455 0.388687 -0.917893 0.921428
7.46 0.384092 -0.919953 0.923359
7.465 0.379487 -0.922014 0.925268
7.47 0.374872 -0.924074 0.927154
7.475 0.370246 -0.926135 0.929017
7.48 0.36561 -0.928195 0.930857
7.485 0.360964 -0.930256 0.932673
7.49 0.356308 -0.932316 0.934466
7.495 0.351641 -0.934377 0.936236
7.5 0.346964 -0.936437 0.937983
7.505 0.342277 -0.938498 0.939706
7.51 0.337579 -0.940559 0.941406
7.515 0.332871 -0.942619 0.943082
7.52 0.328153 -0.94468 0.944734
7.525 0.323424 -0.94674 0.946363
7.53 0.318686 -0.948801 0.947968
7.535 0.313936 -0.950861 0.94955
7.54 0.309177 -0.952922 0.951108
7.545 0.304407 -0.954982 0.952642
7.55 0.299627 -0.957043 0.954152
7.555 0.294837 -0.959103 0.955638
7.56 0.290036 -0.961164 0.9571
7.565 0.285225 -0.963225 0.958538
7.57 0.280404 -0.965285 0.959952
7.575 0.275572 -0.967346 0.961342
7.58 0.27073 -0.969406 0.962708
7.585 0.265878 -0.971467 0.96405
7.59 0.261016 -0.973527 0.965367
7.595 0.256143 -0.975588 0.96666
7.6 0.25126 -0.977648 0.967928
7.605 0.24637 -0.978092 0.969172
7.61 0.241479 -0.978536 0.970392
7.615 0.236585 -0.978979 0.971587
7.62 0.231689 -0.979423 0.972758
7.625 0.226791 -0.979867 0.973904
7.63 0.22189 -0.98031 0.975026
7.635 0.216988 -0.980754 0.976123
7.64 0.212083 -0.981198 0.977196
7.645 0.207176 -0.981642 0.978244
7.65 0.202267 -0.982085 0.979267
7.655 0.197355 -0.982529 0.980266
7.66 0.192441 -0.982973 0.981241
7.665 0.187525 -0.983416 0.982191
7.67 0.182607 -0.98386 0.983116
7.675 0.177687 -0.984304 0.984017
7.68 0.172764 -0.984747 0.984893
7.685 0.167839 -0.985191 0.985745
7.69 0.162912 -0.985635 0.986571
7.695 0.157983 -0.986078 0.987374
7.7 0.153051 -0.986522 0.988151
7.705 0.148118 -0.986966 0.988904
7.71 0.143182 -0.987409 0.989632
7.715 0.138244 -0.987853 0.990336
7.72 0.133303 -0.988297 0.991015
7.725 0.128361 -0.988741 0.991669
7.73 0.123416 -0.989184 0.992298
7.735 0.118469 -0.989628 0.992903
7.74 0.113519 -0.990072 0.993483
7.745 0.108568 -0.990515 0.994038
7.75 0.103614 -0.990959 0.994569
7.755 0.0986584 -0.991403 0.995075
7.76 0.0937003 -0.991846 0.995555
7.765 0.0887399 -0.99229 0.996012
7.77 0.0837774 -0.992734 0.996443
7.775 0.0788126 -0.993177 0.996849
7.78 0.0738456 -0.993621 0.997231
7.785 0.0688764 -0.994065 0.997588
7.79 0.0639049 -0.994509 0.99792
7.795 0.0589313 -0.994952 0.998227
7.8 0.0539554 -0.995396 0.998509
7.805 0.0489782 -0.99549 0.998766
7.81 0.0440005 -0.995584 0.998999
7.815 0.0390224 -0.995678 0.999206
7.82 0.0340437 -0.995772 0.999389
7.825 0.0290646 -0.995866 0.999547
7.83 0.0240851 -0.99596 0.99968
7.835 0.019105 -0.996054 0.999788
7.84 0.0141245 -0.996148 0.999871
7.845 0.00914356 -0.996243 0.999929
7.85 0.00416211 -0.996337 0.999962
7.855 -0.000819809 -0.996431 0.99997
7.86 -0.0058022 -0.996525 0.999954
7.865 -0.0107851 -0.996619 0.999912
7.87 -0.0157684 -0.996713 0.999846
7.875 -0.0207522 -0.996807 0.999755
7.88 -0.0257365 -0.996901 0.999639
7.885 -0.0307212 -0.996995 0.999497
7.89 -0.0357064 -0.997089 0.999331
7.895 -0.0406921 -0.997183 0.99914
7.9 -0.0456782 -0.997277 0.998924
7.905 -0.0506649 -0.997371 0.998684
7.91 -0.055652 -0.997465 0.998418
7.915 -0.0606395 -0.997559 0.998127
7.92 -0.0656275 -0.997654 0.997811
7.925 -0.070616 -0.997748 0.997471
7.93 -0.075605 -0.997842 0.997105
7.935 -0.0805945 -0.997936 0.996715
7.94 -0.0855844 -0.99803 0.996299
7.945 -0.0905748 -0.998124 0.995859
7.95 -0.0955656 -0.998218 0.995394
7.955 -0.100557 -0.998312 0.994903
7.96 -0.105549 -0.998406 0.994388
7.965 -0.110541 -0.9985 0.993848
7.97 -0.115534 -0.998594 0.993283
7.975 -0.120527 -0.998688 0.992692
7.98 -0.125521 -0.998782 0.992077
7.985 -0.130515 -0.998876 0.991437
7.99 -0.135509 -0.998971 0.990772
7.995 -0.140504 -0.999065 0.990082
8 -0.1455 -0.999159 0.989367
8.005 -0.150492 -0.997614 0.988627
8.01 -0.155476 -0.99607 0.987862
8.015 -0.160453 -0.994526 0.987072
8.02 -0.165421 -0.992982 0.986258
8.025 -0.170382 -0.991438 0.985418
8.03 -0.175336 -0.989893 0.984554
8.035 -0.180281 -0.988349 0.983665
8.04 -0.185219 -0.986805 0.982751
8.045 -0.190149 -0.985261 0.981813
8.05 -0.195072 -0.983716 0.98085
8.055 -0.199987 -0.982172 0.979862
8.06 -0.204894 -0.980628 0.97885
8.065 -0.209793 -0.979084 0.977813
8.07 -0.214684 -0.977539 0.976752
8.075 -0.219568 -0.975995 0.975666
8.08 -0.224444 -0.974451 0.974556
8.085 -0.229313 -0.972907 0.973422
8.09 -0.234173 -0.971363 0.972263
8.095 -0.239026 -0.969818 0.97108
8.1 -0.243872 -0.968274 0.969873
8.105 -0.248709 -0.96673 0.968641
8.11 -0.253539 -0.965186 0.967386
8.115 -0.258361 -0.963641 0.966106
8.12 -0.263175 -0.962097 0.964802
8.125 -0.267982 -0.960553 0.963474
8.13 -0.272781 -0.959009 0.962122
8.135 -0.277572 -0.957465 0.960746
8.14 -0.282356 -0.95592 0.959347
8.145 -0.287131 -0.954376 0.957923
8.15 -0.291899 -0.952832 0.956475
8.155 -0.29666 -0.951288 0.955004
8.16 -0.301412 -0.949743 0.953509
8.165 -0.306157 -0.948199 0.95199
8.17 -0.310894 -0.946655 0.950447
8.175 -0.315624 -0.945111 0.948881
8.18 -0.320345 -0.943567 0.947291
8.185 -0.325059 -0.942022 0.945677
8.19 -0.329766 -0.940478 0.94404
8.195 -0.334464 -0.938934 0.94238
8.2 -0.339155 -0.93739 0.940696
8.205 -0.343837 -0.935554 0.938988
8.21 -0.34851 -0.933718 0.937257
8.215 -0.353174 -0.931882 0.935503
8.22 -0.357829 -0.930045 0.933726
8.225 -0.362475 -0.928209 0.931925
8.23 -0.367111 -0.926373 0.930101
8.235 -0.371739 -0.924537 0.928254
8.24 -0.376357 -0.922701 0.926384
8.245 -0.380966 -0.920865 0.92449
8.25 -0.385565 -0.919029 0.922574
8.255 -0.390156 -0.917193 0.920635
8.26 -0.394737 -0.915357 0.918672
8.265 -0.399309 -0.913521 0.916687
8.27 -0.403872 -0.911685 0.914679
8.275 -0.408426 -0.909849 0.912648
8.28 -0.412971 -0.908013 0.910595
8.285 -0.417506 -0.906177 0.908519
8.29 -0.422033 -0.904341 0.90642
8.295 -0.42655 -0.902505 0.904298
8.3 -0.431058 -0.900669 0.902154
8.305 -0.435557 -0.898833 0.899988
8.31 -0.440046 -0.896997 0.897799
8.315 -0.444527 -0.895161 0.895587
8.32 -0.448998 -0.893325 0.893354
8.325 -0.45346 -0.891489 0.891098
8.33 -0.457913 -0.889653 0.888819
8.335 -0.462356 -0.887817 0.886518
8.34 -0.466791 -0.885981 0.884196
8.345 -0.471216 -0.884145 0.881851
8.35 -0.475632 -0.882309 0.879483
8.355 -0.480039 -0.880473 0.877094
8.36 -0.484437 -0.878637 0.874683
8.365 -0.488826 -0.876801 0.87225
8.37 -0.493205 -0.874965 0.869795
8.375 -0.497575 -0.873128 0.867318
8.38 -0.501936 -0.871292 0.864819
8.385 -0.506288 -0.869456 0.862298
8.39 -0.510631 -0.86762 0.859756
8.395 -0.514964 -0.865784 0.857192
8.4 -0.519289 -0.863948 0.854607
8.405 -0.5236 -0.860609 0.851999
8.41 -0.527895 -0.857269 0.849371
8.415 -0.532173 -0.85393 0.84672
8.42 -0.536434 -0.85059 0.844049
8.425 -0.540679 -0.84725 0.841356
8.43 -0.544907 -0.843911 0.838642
8.435 -0.549118 -0.840571 0.835907
8.44 -0.553312 -0.837232 0.833151
8.445 -0.55749 -0.833892 0.830374
8.45 -0.561651 -0.830553 0.827576
8.455 -0.565796 -0.827213 0.824757
8.46 -0.569923 -0.823874 0.821918
8.465 -0.574034 -0.820534 0.819058
8.47 -0.578129 -0.817194 0.816178
8.475 -0.582206 -0.813855 0.813277
8.48 -0.586267 -0.810515 0.810356
8.485 -0.590311 -0.807176 0.807414
8.49 -0.594339 -0.803836 0.804453
8.495 -0.59835 -0.800497 0.801471
8.5 -0.602344 -0.797157 0.798469
8.505 -0.606321 -0.793817 0.795448
8.51 -0.610282 -0.790478 0.792406
8.515 -0.614226 -0.787138 0.789345
8.52 -0.618153 -0.783799 0.786264
8.525 -0.622064 -0.780459 0.783163
8.53 -0.625958 -0.77712 0.780043
8.535 -0.629835 -0.77378 0.776904
8.54 -0.633696 -0.77044 0.773745
8.545 -0.63754 -0.767101 0.770567
8.55 -0.641367 -0.763761 0.76737
8.555 -0.645177 -0.760422 0.764153
8.56 -0.648971 -0.757082 0.760918
8.565 -0.652748 -0.753743 0.757663
8.57 -0.656509 -0.750403 0.75439
8.575 -0.660252 -0.747063 0.751098
8.58 -0.663979 -0.743724 0.747788
8.585 -0.667689 -0.740384 0.744459
8.59 -0.671383 -0.737045 0.741111
8.595 -0.67506 -0.733705 0.737745
8.6 -0.67872 -0.730366 0.73436
8.605 -0.682363 -0.726941 0.730958
8.61 -0.685989 -0.723516 0.727537
8.615 -0.689598 -0.720091 0.724098
8.62 -0.69319 -0.716665 0.720641
8.625 -0.696765 -0.71324 0.717166
8.63 -0.700323 -0.709815 0.713673
8.635 -0.703863 -0.70639 0.710163
8.64 -0.707387 -0.702965 0.706635
8.645 -0.710893 -0.69954 0.703089
8.65 -0.714382 -0.696115 0.699526
8.655 -0.717854 -0.69269 0.695945
8.66 -0.721309 -0.689265 0.692347
8.665 -0.724747 -0.68584 0.688732
8.67 -0.728167 -0.682415 0.6851
8.675 -0.731571 -0.67899 0.68145
8.68 -0.734957 -0.675565 0.677784
8.685 -0.738327 -0.67214 0.674101
8.69 -0.741679 -0.668715 0.670401
8.695 -0.745014 -0.66529 0.666684
8.7 -0.748332 -0.661865 0.662951
8.705 -0.751632 -0.65844 0.659201
8.71 -0.754916 -0.655015 0.655434
8.715 -0.758182 -0.65159 0.651652
8.72 -0.761432 -0.648165 0.647853
8.725 -0.764664 -0.64474 0.644037
8.73 -0.767879 -0.641315 0.640206
8.735 -0.771077 -0.63789 0.636359
8.74 -0.774258 -0.634465 0.632495
8.745 -0.777422 -0.631039 0.628616
8.75 -0.780569 -0.627614 0.624721
8.755 -0.783698 -0.624189 0.62081
8.76 -0.78681 -0.620764 0.616884
8.765 -0.789906 -0.617339 0.612942
8.77 -0.792984 -0.613914 0.608985
8.775 -0.796045 -0.610489 0.605013
8.78 -0.799089 -0.607064 0.601025
8.785 -0.802115 -0.603639 0.597022
8.79 -0.805125 -0.600214 0.593004
8.795 -0.808118 -0.596789 0.58897
8.8 -0.811093 -0.593364 0.584922
8.805 -0.814502 -0.677224 0.580858
8.81 -0.817865 -0.667906 0.576777
8.815 -0.821181 -0.658589 0.57268
8.82 -0.824451 -0.649271 0.568566
8.825 -0.827674 -0.639953 0.564435
8.83 -0.830851 -0.630635 0.560289
8.835 -0.833981 -0.621317 0.556127
8.84 -0.837064 -0.612 0.551949
8.845 -0.840101 -0.602682 0.547756
8.85 -0.843091 -0.593364 0.543548
8.855 -0.846034 -0.584046 0.539326
8.86 -0.848931 -0.574728 0.535088
8.865 -0.851781 -0.565411 0.530836
8.87 -0.854585 -0.556093 0.52657
8.875 -0.857342 -0.546775 0.522291
8.88 -0.860053 -0.537457 0.517997
8.885 -0.862717 -0.52814 0.51369
8.89 -0.865334 -0.518822 0.50937
8.895 -0.867905 -0.509504 0.505037
8.9 -0.870429 -0.500186 0.500691
8.905 -0.872907 -0.490868 0.496333
8.91 -0.875338 -0.481551 0.491962
8.915 -0.877723 -0.472233 0.487579
8.92 -0.88006 -0.462915 0.483185
8.925 -0.882352 -0.453597 0.478779
8.93 -0.884596 -0.44428 0.474361
8.935 -0.886795 -0.434962 0.469933
8.94 -0.888946 -0.425644 0.465494
8.945 -0.891051 -0.416326 0.461044
8.95 -0.893109 -0.407008 0.456583
8.955 -0.895121 -0.397691 0.452113
8.96 -0.897086 -0.388373 0.447632
8.965 -0.899005 -0.379055 0.443142
8.97 -0.900877 -0.369737 0.438642
8.975 -0.902702 -0.36042 0.434133
8.98 -0.904481 -0.351102 0.429615
8.985 -0.906213 -0.341784 0.425088
8.99 -0.907899 -0.332466 0.420553
8.995 -0.909538 -0.323148 0.416009
