0 1e-09 inf nan
0.1 0.112463 9.51351 2.25271
0.2 0.222702 4.59084 1.52406
0.3 0.328627 2.99157 1.0958
0.4 0.428392 2.21816 0.796678
0.5 0.5205 1.77245 0.572365
0.6 0.603856 1.48919 0.398234
0.7 0.677801 1.29806 0.260867
0.8 0.742101 1.16423 0.15206
0.9 0.796908 1.06863 0.0663762
1 0.842701 1 -1.09351e-08
1.1 0.880205 0.951351 -0.0498725
1.2 0.910314 0.918169 -0.0853741
1.3 0.934008 0.897471 -0.108175
1.4 0.952285 0.887264 -0.119613
1.5 0.966105 0.886227 -0.120782
1.6 0.976348 0.893515 -0.112592
1.7 0.98379 0.908639 -0.0958077
1.8 0.98909 0.931384 -0.0710839
1.9 0.99279 0.961766 -0.0389843
2 0.995322 1 -1.09351e-08
2.1 0.99702 1.04649 0.0454377
2.2 0.998137 1.1018 0.0969475
2.3 0.998857 1.16671 0.154189
2.4 0.999311 1.24217 0.216859
2.5 0.999593 1.32934 0.284683
2.6 0.999764 1.42962 0.357412
2.7 0.999866 1.54469 0.434821
2.8 0.999925 1.67649 0.516703
2.9 0.999959 1.82736 0.60287
3 0.999978 2 0.693147
3.1 0.999988 2.19762 0.787375
3.2 0.999994 2.42397 0.885405
3.3 0.999997 2.68344 0.987099
3.4 0.999998 2.98121 1.09233
3.5 0.999999 3.32335 1.20097
3.6 1 3.71702 1.31292
3.7 1 4.17065 1.42807
3.8 1 4.69417 1.54632
3.9 1 5.29933 1.66758
