0.1 0.180967 0.063899 0.0347739 0.0225844
0.2 0.327492 0.115167 0.0626267 0.0406631
0.3 0.444491 0.155196 0.0842818 0.0546981
0.4 0.536256 0.185258 0.100408 0.0651181
0.5 0.606531 0.206511 0.11162 0.0723205
0.6 0.658574 0.220012 0.118489 0.0766729
0.7 0.695219 0.226722 0.121536 0.0785154
0.8 0.718926 0.227514 0.121242 0.0781615
0.9 0.731825 0.223181 0.118048 0.0759005
1 0.735759 0.214441 0.11236 0.0719985
1.1 0.732316 0.201943 0.104547 0.0666998
1.2 0.722866 0.186273 0.0949463 0.0602285
1.3 0.708583 0.16796 0.0838666 0.0527896
1.4 0.690471 0.147478 0.0715876 0.0445701
1.5 0.66939 0.125255 0.0583634 0.0357404
1.6 0.646069 0.101672 0.0444241 0.0264553
1.7 0.621124 0.0770681 0.0299771 0.0168549
1.8 0.595076 0.0517479 0.0152091 0.00706572
1.9 0.568361 0.0259794 0.000287551 -0.00279856
2 0.541341 0 -0.0146381 -0.0126361
2.1 0.514317 -0.0259816 -0.0294349 -0.0223559
2.2 0.487534 -0.0517826 -0.0439853 -0.0318777
2.3 0.461191 -0.0772441 -0.0581857 -0.0411303
2.4 0.435446 -0.102229 -0.0719459 -0.0500516
2.5 0.410425 -0.126618 -0.0851873 -0.0585878
2.6 0.386223 -0.150313 -0.0978428 -0.0666924
2.7 0.36291 -0.173228 -0.109855 -0.0743263
2.8 0.340536 -0.195295 -0.121176 -0.0814565
2.9 0.319135 -0.216455 -0.131768 -0.0880563
3 0.298722 -0.236665 -0.141597 -0.0941043
3.1 0.279305 -0.25589 -0.15064 -0.0995841
3.2 0.260878 -0.274104 -0.158879 -0.104484
3.3 0.243429 -0.291291 -0.166303 -0.108796
3.4 0.226938 -0.307441 -0.172903 -0.112518
3.5 0.211382 -0.322551 -0.178679 -0.115648
3.6 0.196731 -0.336626 -0.183633 -0.11819
3.7 0.182954 -0.349672 -0.187771 -0.120149
3.8 0.170018 -0.361703 -0.191102 -0.121534
3.9 0.157887 -0.372734 -0.193641 -0.122356
4 0.146525 -0.382786 -0.195402 -0.122626
4.1 0.135896 -0.391881 -0.196403 -0.122361
4.2 0.125963 -0.400045 -0.196664 -0.121575
4.3 0.11669 -0.407304 -0.196208 -0.120286
4.4 0.108041 -0.413686 -0.195057 -0.118513
4.5 0.099981 -0.419223 -0.193236 -0.116276
4.6 0.0924769 -0.423944 -0.190772 -0.113594
4.7 0.0854956 -0.427883 -0.18769 -0.11049
4.8 0.0790056 -0.43107 -0.184017 -0.106984
4.9 0.0729765 -0.433538 -0.179783 -0.1031
5 0.0673795 -0.435321 -0.175014 -0.0988591
5.1 0.0621868 -0.436451 -0.16974 -0.0942847
5.2 0.0573723 -0.436961 -0.163989 -0.0893995
5.3 0.0529109 -0.436882 -0.157789 -0.0842263
5.4 0.0487791 -0.436247 -0.15117 -0.078788
5.5 0.0449545 -0.435087 -0.144158 -0.073107
5.6 0.0414161 -0.433432 -0.136782 -0.0672059
5.7 0.038144 -0.431313 -0.12907 -0.0611067
5.8 0.0351196 -0.428758 -0.121048 -0.0548313
5.9 0.0323254 -0.425797 -0.112743 -0.048401
6 0.029745 -0.422457 -0.104181 -0.0418369
6.1 0.027363 -0.418765 -0.0953878 -0.0351594
6.2 0.0251649 -0.414747 -0.0863876 -0.0283886
6.3 0.0231374 -0.410427 -0.0772047 -0.0215439
6.4 0.0212679 -0.405831 -0.0678624 -0.0146442
6.5 0.0195447 -0.400981 -0.0583834 -0.00770789
6.6 0.0179569 -0.3959 -0.0487895 -0.000752596
6.7 0.0164942 -0.390608 -0.0391019 0.00620456
6.8 0.0151473 -0.385127 -0.029341 0.0131471
6.9 0.0139074 -0.379476 -0.0195264 0.0200593
7 0.0127663 -0.373674 -0.00967673 0.0269259
7.1 0.0117165 -0.367738 0.000189864 0.0337325
7.2 0.0107508 -0.361685 0.0100562 0.0404652
7.3 0.00986287 -0.355532 0.0199058 0.0471108
7.4 0.00904654 -0.349294 0.0297231 0.0536569
7.5 0.00829627 -0.342985 0.0394932 0.0600915
7.6 0.00760686 -0.336618 0.0492018 0.0664035
7.7 0.00697354 -0.330207 0.0588358 0.0725823
7.8 0.00639187 -0.323764 0.0683823 0.078618
7.9 0.00585775 -0.317301 0.0778295 0.0845013
8 0.0053674 -0.310827 0.0871663 0.0902235
8.1 0.00491733 -0.304353 0.096382 0.0957766
8.2 0.00450432 -0.297888 0.105467 0.101153
8.3 0.00412538 -0.291442 0.114412 0.106346
8.4 0.00377777 -0.285021 0.123208 0.11135
8.5 0.00345896 -0.278635 0.131848 0.116158
8.6 0.00316662 -0.27229 0.140324 0.120765
8.7 0.00289859 -0.265992 0.14863 0.125167
8.8 0.0026529 -0.259747 0.15676 0.129359
8.9 0.00242772 -0.253562 0.164707 0.133338
9 0.00222138 -0.24744 0.172467 0.137101
9.1 0.00203232 -0.241388 0.180036 0.140645
9.2 0.00185912 -0.235408 0.187409 0.143968
9.3 0.00170049 -0.229505 0.194583 0.147068
9.4 0.00155521 -0.223682 0.201555 0.149944
9.5 0.00142218 -0.217942 0.208322 0.152594
9.6 0.00130039 -0.212288 0.214882 0.155019
9.7 0.0011889 -0.206723 0.221233 0.157217
9.8 0.00108685 -0.201249 0.227373 0.15919
9.9 0.000993459 -0.195866 0.233303 0.160937
10 0.000907999 -0.190578 0.23902 0.16246
10.1 0.000829807 -0.185385 0.244525 0.163759
10.2 0.000758275 -0.180288 0.249817 0.164837
10.3 0.000692842 -0.175289 0.254897 0.165694
10.4 0.000632996 -0.170387 0.259765 0.166333
10.5 0.000578265 -0.165584 0.264423 0.166756
10.6 0.000528219 -0.160879 0.26887 0.166966
10.7 0.000482462 -0.156272 0.273109 0.166966
10.8 0.000440629 -0.151765 0.277141 0.166757
10.9 0.00040239 -0.147356 0.280968 0.166344
11 0.000367437 -0.143044 0.284592 0.16573
11.1 0.000335494 -0.138831 0.288014 0.164918
11.2 0.000306302 -0.134714 0.291237 0.163911
11.3 0.000279628 -0.130693 0.294264 0.162715
11.4 0.000255257 -0.126768 0.297097 0.161333
11.5 0.000232992 -0.122937 0.299739 0.159768
11.6 0.000212653 -0.1192 0.302193 0.158025
11.7 0.000194075 -0.115555 0.304461 0.156108
11.8 0.000177108 -0.112002 0.306547 0.154023
11.9 0.000161612 -0.108539 0.308455 0.151772
12 0.000147461 -0.105165 0.310186 0.149361
12.1 0.00013454 -0.101878 0.311746 0.146795
12.2 0.000122743 -0.0986776 0.313136 0.144078
12.3 0.000111973 -0.0955622 0.314361 0.141214
12.4 0.000102141 -0.0925304 0.315424 0.138209
12.5 9.31663e-05 -0.0895806 0.316329 0.135068
12.6 8.49748e-05 -0.0867114 0.31708 0.131795
12.7 7.74986e-05 -0.0839214 0.317679 0.128395
12.8 7.06758e-05 -0.081209 0.318131 0.124874
12.9 6.44497e-05 -0.0785727 0.318439 0.121235
13 5.87686e-05 -0.0760111 0.318608 0.117484
13.1 5.3585e-05 -0.0735225 0.31864 0.113626
13.2 4.88559e-05 -0.0711055 0.31854 0.109665
13.3 4.45415e-05 -0.0687586 0.318311 0.105606
13.4 4.06059e-05 -0.0664801 0.317957 0.101455
13.5 3.70159e-05 -0.0642686 0.317482 0.0972159
13.6 3.37415e-05 -0.0621226 0.31689 0.0928934
13.7 3.0755e-05 -0.0600405 0.316183 0.0884923
13.8 2.80314e-05 -0.0580209 0.315366 0.0840174
13.9 2.55477e-05 -0.0560622 0.314443 0.0794732
14 2.32828e-05 -0.054163 0.313416 0.0748643
14.1 2.12176e-05 -0.0523219 0.31229 0.0701953
14.2 1.93347e-05 -0.0505373 0.311068 0.0654706
14.3 1.76179e-05 -0.048808 0.309753 0.0606945
14.4 1.60528e-05 -0.0471323 0.30835 0.0558715
14.5 1.46261e-05 -0.0455091 0.306861 0.0510059
14.6 1.33255e-05 -0.0439368 0.305289 0.0461017
14.7 1.214e-05 -0.0424142 0.303639 0.0411632
14.8 1.10594e-05 -0.04094 0.301912 0.0361944
14.9 1.00746e-05 -0.0395127 0.300113 0.0311993
15 9.17707e-06 -0.0381312 0.298245 0.0261819
15.1 8.35911e-06 -0.0367942 0.296311 0.0211458
15.2 7.61373e-06 -0.0355005 0.294313 0.016095
15.3 6.93451e-06 -0.0342488 0.292255 0.0110331
15.4 6.31562e-06 -0.0330379 0.29014 0.0059636
15.5 5.75171e-06 -0.0318668 0.28797 0.000890099
15.6 5.23794e-06 -0.0307342 0.285749 -0.004184
15.7 4.76987e-06 -0.029639 0.283479 -0.00925536
15.8 4.34344e-06 -0.0285802 0.281162 -0.0143207
15.9 3.95499e-06 -0.0275566 0.278803 -0.0193769
16 3.60113e-06 -0.0265673 0.276402 -0.0244209
16.1 3.2788e-06 -0.0256112 0.273963 -0.0294495
16.2 2.98521e-06 -0.0246873 0.271488 -0.03446
16.3 2.7178e-06 -0.0237946 0.268979 -0.0394496
16.4 2.47425e-06 -0.0229322 0.266439 -0.0444153
16.5 2.25245e-06 -0.0220992 0.263871 -0.0493547
16.6 2.05045e-06 -0.0212947 0.261275 -0.0542651
16.7 1.8665e-06 -0.0205178 0.258655 -0.059144
16.8 1.69899e-06 -0.0197675 0.256013 -0.0639891
16.9 1.54646e-06 -0.0190432 0.253351 -0.068798
17 1.40758e-06 -0.0183439 0.25067 -0.0735685
17.1 1.28112e-06 -0.0176689 0.247973 -0.0782985
17.2 1.16599e-06 -0.0170175 0.245261 -0.0829858
17.3 1.06116e-06 -0.0163887 0.242537 -0.0876284
17.4 9.65729e-07 -0.015782 0.239801 -0.0922246
17.5 8.7885e-07 -0.0151967 0.237057 -0.0967724
17.6 7.9976e-07 -0.0146319 0.234305 -0.10127
17.7 7.27765e-07 -0.0140871 0.231547 -0.105716
17.8 6.62229e-07 -0.0135616 0.228785 -0.110108
17.9 6.02576e-07 -0.0130548 0.226019 -0.114446
18 5.48279e-07 -0.012566 0.223253 -0.118727
18.1 4.9886e-07 -0.0120947 0.220486 -0.122951
18.2 4.53881e-07 -0.0116402 0.217721 -0.127116
18.3 4.12945e-07 -0.0112021 0.214958 -0.13122
18.4 3.7569e-07 -0.0107797 0.2122 -0.135263
18.5 3.41786e-07 -0.0103726 0.209446 -0.139243
18.6 3.10932e-07 -0.00998016 0.206699 -0.14316
18.7 2.82856e-07 -0.00960196 0.203959 -0.147013
18.8 2.57307e-07 -0.00923749 0.201228 -0.1508
18.9 2.34059e-07 -0.00888629 0.198506 -0.154521
19 2.12906e-07 -0.00854791 0.195795 -0.158175
19.1 1.93659e-07 -0.0082219 0.193095 -0.161762
19.2 1.76148e-07 -0.00790784 0.190407 -0.16528
19.3 1.60215e-07 -0.00760531 0.187733 -0.168729
19.4 1.4572e-07 -0.00731391 0.185072 -0.172109
19.5 1.32532e-07 -0.00703326 0.182427 -0.175419
19.6 1.20535e-07 -0.00676298 0.179797 -0.178659
19.7 1.09621e-07 -0.0065027 0.177184 -0.181828
19.8 9.96929e-08 -0.00625208 0.174587 -0.184926
19.9 9.06615e-08 -0.00601078 0.172008 -0.187953
20 8.24461e-08 -0.00577847 0.169447 -0.190908
20.1 7.49734e-08 -0.00555482 0.166905 -0.193792
20.2 6.81762e-08 -0.00533954 0.164383 -0.196605
20.3 6.19938e-08 -0.00513231 0.16188 -0.199345
20.4 5.63706e-08 -0.00493287 0.159398 -0.202014
20.5 5.12563e-08 -0.00474091 0.156937 -0.204611
20.6 4.66048e-08 -0.00455619 0.154497 -0.207136
20.7 4.23745e-08 -0.00437844 0.152078 -0.209589
20.8 3.85273e-08 -0.0042074 0.149682 -0.211971
20.9 3.50285e-08 -0.00404283 0.147308 -0.214282
21 3.18468e-08 -0.00388451 0.144956 -0.216522
21.1 2.89534e-08 -0.00373219 0.142628 -0.21869
21.2 2.63222e-08 -0.00358567 0.140323 -0.220788
21.3 2.39297e-08 -0.00344473 0.138041 -0.222816
21.4 2.17541e-08 -0.00330917 0.135784 -0.224774
21.5 1.97759e-08 -0.00317879 0.13355 -0.226662
21.6 1.79772e-08 -0.00305341 0.13134 -0.228481
21.7 1.63418e-08 -0.00293282 0.129155 -0.230231
21.8 1.48548e-08 -0.00281687 0.126994 -0.231913
21.9 1.35028e-08 -0.00270538 0.124858 -0.233528
22 1.22737e-08 -0.00259817 0.122746 -0.235074
22.1 1.11561e-08 -0.00249511 0.120659 -0.236555
22.2 1.01402e-08 -0.00239602 0.118597 -0.237968
22.3 9.21654e-09 -0.00230077 0.11656 -0.239317
22.4 8.37687e-09 -0.0022092 0.114548 -0.2406
22.5 7.61354e-09 -0.00212118 0.112562 -0.241818
22.6 6.91963e-09 -0.00203659 0.1106 -0.242973
22.7 6.28885e-09 -0.00195528 0.108663 -0.244065
22.8 5.71545e-09 -0.00187714 0.106751 -0.245094
22.9 5.19424e-09 -0.00180204 0.104864 -0.246062
23 4.72046e-09 -0.00172988 0.103002 -0.246968
23.1 4.28982e-09 -0.00166054 0.101164 -0.247814
23.2 3.8984e-09 -0.00159391 0.099352 -0.2486
23.3 3.54262e-09 -0.00152989 0.0975643 -0.249327
23.4 3.21925e-09 -0.00146838 0.0958014 -0.249997
23.5 2.92535e-09 -0.00140929 0.094063 -0.250608
23.6 2.65823e-09 -0.00135253 0.092349 -0.251163
23.7 2.41546e-09 -0.001298 0.0906594 -0.251663
23.8 2.19482e-09 -0.00124562 0.088994 -0.252107
23.9 1.9943e-09 -0.0011953 0.0873528 -0.252496
24 1.81206e-09 -0.00114698 0.0857354 -0.252833
24.1 1.64646e-09 -0.00110057 0.0841419 -0.253116
24.2 1.49596e-09 -0.00105599 0.0825721 -0.253348
24.3 1.35919e-09 -0.00101318 0.0810257 -0.253529
24.4 1.23491e-09 -0.000972076 0.0795028 -0.253659
24.5 1.12197e-09 -0.000932602 0.0780029 -0.253741
24.6 1.01934e-09 -0.000894698 0.0765261 -0.253773
24.7 9.2609e-10 -0.000858304 0.0750721 -0.253758
24.8 8.41354e-10 -0.00082336 0.0736407 -0.253696
24.9 7.64358e-10 -0.000789812 0.0722317 -0.253588
25 6.94397e-10 -0.000757603 0.070845 -0.253435
25.1 6.3083e-10 -0.000726683 0.0694803 -0.253237
25.2 5.73073e-10 -0.000697 0.0681375 -0.252996
25.3 5.20595e-10 -0.000668507 0.0668163 -0.252713
25.4 4.72916e-10 -0.000641157 0.0655165 -0.252387
25.5 4.29597e-10 -0.000614906 0.0642379 -0.252021
25.6 3.90239e-10 -0.000589709 0.0629803 -0.251614
25.7 3.54483e-10 -0.000565526 0.0617435 -0.251168
25.8 3.21997e-10 -0.000542317 0.0605272 -0.250683
25.9 2.92484e-10 -0.000520043 0.0593313 -0.250161
26 2.65673e-10 -0.000498668 0.0581555 -0.249602
26.1 2.41315e-10 -0.000478156 0.0569995 -0.249007
26.2 2.19188e-10 -0.000458473 0.0558632 -0.248377
26.3 1.99086e-10 -0.000439587 0.0547464 -0.247713
26.4 1.80825e-10 -0.000421465 0.0536487 -0.247015
26.5 1.64237e-10 -0.000404078 0.05257 -0.246284
26.6 1.49169e-10 -0.000387396 0.0515101 -0.245521
26.7 1.35481e-10 -0.000371391 0.0504686 -0.244727
26.8 1.23047e-10 -0.000356037 0.0494454 -0.243903
26.9 1.11753e-10 -0.000341308 0.0484403 -0.243049
27 1.01495e-10 -0.000327177 0.047453 -0.242166
27.1 9.21762e-11 -0.000313623 0.0464832 -0.241256
27.2 8.37122e-11 -0.000300621 0.0455308 -0.240318
27.3 7.60244e-11 -0.00028815 0.0445955 -0.239353
27.4 6.90417e-11 -0.000276188 0.043677 -0.238363
27.5 6.26996e-11 -0.000264715 0.0427753 -0.237348
27.6 5.69392e-11 -0.000253712 0.0418899 -0.236308
27.7 5.17074e-11 -0.000243158 0.0410207 -0.235245
27.8 4.69557e-11 -0.000233038 0.0401675 -0.234159
27.9 4.26401e-11 -0.000223332 0.0393301 -0.233051
28 3.87206e-11 -0.000214025 0.0385081 -0.231922
28.1 3.5161e-11 -0.000205099 0.0377014 -0.230772
28.2 3.19282e-11 -0.000196541 0.0369098 -0.229602
28.3 2.89923e-11 -0.000188335 0.036133 -0.228412
28.4 2.6326e-11 -0.000180466 0.0353708 -0.227204
28.5 2.39046e-11 -0.000172922 0.034623 -0.225978
28.6 2.17057e-11 -0.000165688 0.0338894 -0.224735
28.7 1.97088e-11 -0.000158753 0.0331697 -0.223474
28.8 1.78954e-11 -0.000152104 0.0324638 -0.222198
28.9 1.62487e-11 -0.00014573 0.0317714 -0.220907
29 1.47533e-11 -0.00013962 0.0310923 -0.2196
29.1 1.33953e-11 -0.000133762 0.0304263 -0.21828
29.2 1.21623e-11 -0.000128147 0.0297733 -0.216945
29.3 1.10425e-11 -0.000122764 0.0291329 -0.215598
29.4 1.00258e-11 -0.000117605 0.028505 -0.214238
29.5 9.10259e-12 -0.000112659 0.0278893 -0.212867
29.6 8.26428e-12 -0.000107919 0.0272858 -0.211484
29.7 7.50309e-12 -0.000103376 0.0266941 -0.21009
29.8 6.81194e-12 -9.90212e-05 0.0261141 -0.208687
29.9 6.18438e-12 -9.48479e-05 0.0255456 -0.207273
30 5.61457e-12 -9.08484e-05 0.0249885 -0.205851
30.1 5.09721e-12 -8.70153e-05 0.0244424 -0.20442
30.2 4.62747e-12 -8.33421e-05 0.0239072 -0.202981
30.3 4.20097e-12 -7.9822e-05 0.0233828 -0.201534
30.4 3.81374e-12 -7.64488e-05 0.0228689 -0.200081
30.5 3.46217e-12 -7.32165e-05 0.0223653 -0.19862
30.6 3.14297e-12 -7.01192e-05 0.021872 -0.197154
30.7 2.85317e-12 -6.71514e-05 0.0213887 -0.195682
30.8 2.59007e-12 -6.43077e-05 0.0209151 -0.194205
30.9 2.3512e-12 -6.15831e-05 0.0204513 -0.192723
31 2.13434e-12 -5.89726e-05 0.0199969 -0.191237
31.1 1.93746e-12 -5.64715e-05 0.0195519 -0.189747
31.2 1.75872e-12 -5.40752e-05 0.019116 -0.188253
31.3 1.59646e-12 -5.17796e-05 0.0186891 -0.186757
31.4 1.44915e-12 -4.95802e-05 0.018271 -0.185258
31.5 1.31542e-12 -4.74733e-05 0.0178616 -0.183756
31.6 1.19402e-12 -4.54549e-05 0.0174607 -0.182253
31.7 1.08381e-12 -4.35214e-05 0.0170681 -0.180748
31.8 9.83768e-13 -4.16693e-05 0.0166838 -0.179243
31.9 8.92949e-13 -3.98951e-05 0.0163074 -0.177736
32 8.10507e-13 -3.81957e-05 0.015939 -0.17623
32.1 7.35668e-13 -3.65679e-05 0.0155783 -0.174723
32.2 6.67734e-13 -3.50088e-05 0.0152253 -0.173217
32.3 6.06067e-13 -3.35154e-05 0.0148797 -0.171711
32.4 5.5009e-13 -3.20851e-05 0.0145414 -0.170206
32.5 4.99278e-13 -3.07152e-05 0.0142102 -0.168703
32.6 4.53156e-13 -2.94032e-05 0.0138862 -0.167201
32.7 4.1129e-13 -2.81466e-05 0.013569 -0.165701
32.8 3.73289e-13 -2.69433e-05 0.0132586 -0.164203
32.9 3.38795e-13 -2.57908e-05 0.0129549 -0.162708
33 3.07486e-13 -2.46872e-05 0.0126577 -0.161216
33.1 2.79068e-13 -2.36303e-05 0.0123669 -0.159727
33.2 2.53274e-13 -2.26183e-05 0.0120823 -0.158241
33.3 2.29862e-13 -2.16491e-05 0.0118039 -0.156758
33.4 2.08613e-13 -2.07211e-05 0.0115315 -0.15528
33.5 1.89326e-13 -1.98325e-05 0.0112651 -0.153805
33.6 1.7182e-13 -1.89817e-05 0.0110044 -0.152335
33.7 1.55932e-13 -1.8167e-05 0.0107494 -0.150869
33.8 1.41512e-13 -1.73869e-05 0.0104999 -0.149408
33.9 1.28424e-13 -1.664e-05 0.010256 -0.147952
34 1.16546e-13 -1.59249e-05 0.0100173 -0.146501
34.1 1.05765e-13 -1.52403e-05 0.00978392 -0.145056
34.2 9.59809e-14 -1.45848e-05 0.00955565 -0.143616
34.3 8.7101e-14 -1.39573e-05 0.00933241 -0.142182
34.4 7.90421e-14 -1.33565e-05 0.0091141 -0.140754
34.5 7.17281e-14 -1.27814e-05 0.00890061 -0.139332
34.6 6.50904e-14 -1.22308e-05 0.00869186 -0.137917
34.7 5.90665e-14 -1.17037e-05 0.00848774 -0.136507
34.8 5.35996e-14 -1.11991e-05 0.00828816 -0.135105
34.9 4.86383e-14 -1.07161e-05 0.00809302 -0.133709
35 4.41358e-14 -1.02538e-05 0.00790224 -0.13232
35.1 4.00498e-14 -9.8112e-06 0.00771573 -0.130939
35.2 3.63418e-14 -9.38756e-06 0.00753339 -0.129564
35.3 3.29769e-14 -8.98207e-06 0.00735514 -0.128197
35.4 2.99232e-14 -8.59394e-06 0.00718089 -0.126837
35.5 2.71522e-14 -8.22245e-06 0.00701057 -0.125485
35.6 2.46375e-14 -7.86688e-06 0.00684409 -0.124141
35.7 2.23555e-14 -7.52656e-06 0.00668137 -0.122805
35.8 2.02848e-14 -7.20085e-06 0.00652233 -0.121476
35.9 1.84057e-14 -6.88911e-06 0.00636689 -0.120156
36 1.67006e-14 -6.59076e-06 0.00621498 -0.118844
36.1 1.51533e-14 -6.30523e-06 0.00606652 -0.11754
36.2 1.37492e-14 -6.03198e-06 0.00592144 -0.116244
36.3 1.24752e-14 -5.77047e-06 0.00577967 -0.114957
36.4 1.13191e-14 -5.52021e-06 0.00564114 -0.113678
36.5 1.02701e-14 -5.28071e-06 0.00550578 -0.112408
36.6 9.31822e-15 -5.05153e-06 0.00537352 -0.111146
36.7 8.45451e-15 -4.83222e-06 0.00524429 -0.109894
36.8 7.6708e-15 -4.62236e-06 0.00511803 -0.10865
36.9 6.95969e-15 -4.42154e-06 0.00499467 -0.107415
37 6.31446e-15 -4.22938e-06 0.00487416 -0.106188
37.1 5.729e-15 -4.04551e-06 0.00475643 -0.104971
37.2 5.19778e-15 -3.86957e-06 0.00464142 -0.103763
37.3 4.71579e-15 -3.70123e-06 0.00452907 -0.102564
37.4 4.27846e-15 -3.54016e-06 0.00441933 -0.101374
37.5 3.88167e-15 -3.38605e-06 0.00431213 -0.100193
37.6 3.52164e-15 -3.23859e-06 0.00420743 -0.0990214
37.7 3.19499e-15 -3.09752e-06 0.00410516 -0.0978589
37.8 2.89861e-15 -2.96254e-06 0.00400528 -0.0967057
37.9 2.62971e-15 -2.8334e-06 0.00390772 -0.0955618
38 2.38574e-15 -2.70985e-06 0.00381245 -0.0944271
38.1 2.16439e-15 -2.59166e-06 0.00371941 -0.0933018
38.2 1.96356e-15 -2.47858e-06 0.00362854 -0.0921858
38.3 1.78135e-15 -2.3704e-06 0.00353981 -0.0910792
38.4 1.61604e-15 -2.26691e-06 0.00345316 -0.0899819
38.5 1.46606e-15 -2.1679e-06 0.00336856 -0.088894
38.6 1.33e-15 -2.07319e-06 0.00328594 -0.0878155
38.7 1.20655e-15 -1.98259e-06 0.00320527 -0.0867463
38.8 1.09455e-15 -1.89593e-06 0.00312651 -0.0856866
38.9 9.92943e-16 -1.81302e-06 0.00304961 -0.0846362
39 9.00761e-16 -1.73372e-06 0.00297453 -0.0835952
39.1 8.17133e-16 -1.65786e-06 0.00290124 -0.0825636
39.2 7.41263e-16 -1.5853e-06 0.00282968 -0.0815414
39.3 6.72434e-16 -1.5159e-06 0.00275982 -0.0805285
39.4 6.09991e-16 -1.44951e-06 0.00269162 -0.079525
39.5 5.53344e-16 -1.38601e-06 0.00262505 -0.0785308
39.6 5.01954e-16 -1.32528e-06 0.00256006 -0.0775459
39.7 4.55333e-16 -1.26719e-06 0.00249663 -0.0765703
39.8 4.13041e-16 -1.21163e-06 0.00243471 -0.075604
39.9 3.74674e-16 -1.15849e-06 0.00237428 -0.074647
40 3.39868e-16 -1.10767e-06 0.00231529 -0.0736992
40.1 3.08294e-16 -1.05906e-06 0.00225772 -0.0727606
40.2 2.79652e-16 -1.01257e-06 0.00220153 -0.0718312
40.3 2.53669e-16 -9.68111e-07 0.00214669 -0.070911
40.4 2.30099e-16 -9.25591e-07 0.00209317 -0.0699999
40.5 2.08717e-16 -8.84927e-07 0.00204094 -0.0690979
40.6 1.89322e-16 -8.46039e-07 0.00198997 -0.0682049
40.7 1.71727e-16 -8.08849e-07 0.00194024 -0.067321
40.8 1.55767e-16 -7.73285e-07 0.0018917 -0.0664461
40.9 1.41289e-16 -7.39275e-07 0.00184434 -0.0655801
41 1.28156e-16 -7.06751e-07 0.00179813 -0.0647231
41.1 1.16243e-16 -6.7565e-07 0.00175303 -0.0638749
41.2 1.05437e-16 -6.4591e-07 0.00170903 -0.0630356
41.3 9.56352e-17 -6.17471e-07 0.00166611 -0.062205
41.4 8.67439e-17 -5.90277e-07 0.00162422 -0.0613832
41.5 7.86787e-17 -5.64274e-07 0.00158336 -0.0605702
41.6 7.1363e-17 -5.39409e-07 0.00154349 -0.0597658
41.7 6.47271e-17 -5.15634e-07 0.00150459 -0.05897
41.8 5.8708e-17 -4.92901e-07 0.00146665 -0.0581828
41.9 5.32482e-17 -4.71164e-07 0.00142963 -0.0574041
42 4.8296e-17 -4.50381e-07 0.00139352 -0.0566339
42.1 4.38041e-17 -4.30509e-07 0.0013583 -0.0558721
42.2 3.97297e-17 -4.1151e-07 0.00132393 -0.0551187
42.3 3.60341e-17 -3.93344e-07 0.00129042 -0.0543736
42.4 3.26821e-17 -3.75975e-07 0.00125772 -0.0536368
42.5 2.96417e-17 -3.5937e-07 0.00122583 -0.0529082
42.6 2.6884e-17 -3.43493e-07 0.00119473 -0.0521878
42.7 2.43828e-17 -3.28315e-07 0.00116439 -0.0514755
42.8 2.21141e-17 -3.13803e-07 0.0011348 -0.0507713
42.9 2.00564e-17 -2.99929e-07 0.00110594 -0.0500751
43 1.81901e-17 -2.86666e-07 0.00107779 -0.0493868
43.1 1.64974e-17 -2.73986e-07 0.00105034 -0.0487064
43.2 1.49621e-17 -2.61864e-07 0.00102357 -0.0480339
43.3 1.35696e-17 -2.50275e-07 0.000997464 -0.0473691
43.4 1.23066e-17 -2.39196e-07 0.000972004 -0.0467121
43.5 1.11612e-17 -2.28606e-07 0.000947177 -0.0460627
43.6 1.01223e-17 -2.18482e-07 0.000922967 -0.045421
43.7 9.18e-18 -2.08804e-07 0.000899359 -0.0447868
43.8 8.32541e-18 -1.99552e-07 0.000876339 -0.0441601
43.9 7.55034e-18 -1.90708e-07 0.000853892 -0.0435408
44 6.8474e-18 -1.82255e-07 0.000832005 -0.0429289
44.1 6.20986e-18 -1.74174e-07 0.000810664 -0.0423244
44.2 5.63166e-18 -1.66449e-07 0.000789857 -0.0417271
44.3 5.10726e-18 -1.59066e-07 0.000769569 -0.0411369
44.4 4.63167e-18 -1.52008e-07 0.00074979 -0.040554
44.5 4.20035e-18 -1.45262e-07 0.000730505 -0.0399781
44.6 3.80918e-18 -1.38814e-07 0.000711705 -0.0394092
44.7 3.45441e-18 -1.3265e-07 0.000693375 -0.0388473
44.8 3.13267e-18 -1.26759e-07 0.000675506 -0.0382922
44.9 2.84089e-18 -1.21129e-07 0.000658086 -0.0377441
45 2.57627e-18 -1.15747e-07 0.000641104 -0.0372026
45.1 2.33628e-18 -1.10603e-07 0.00062455 -0.036668
45.2 2.11864e-18 -1.05687e-07 0.000608412 -0.0361399
45.3 1.92127e-18 -1.00988e-07 0.000592682 -0.0356185
45.4 1.74227e-18 -9.64975e-08 0.000577348 -0.0351036
45.5 1.57995e-18 -9.22054e-08 0.000562401 -0.0345952
45.6 1.43274e-18 -8.81033e-08 0.000547833 -0.0340932
45.7 1.29924e-18 -8.41829e-08 0.000533632 -0.0335975
45.8 1.17817e-18 -8.04361e-08 0.000519791 -0.0331081
45.9 1.06838e-18 -7.68553e-08 0.000506301 -0.032625
46 9.68817e-19 -7.34332e-08 0.000493152 -0.0321481
46.1 8.78527e-19 -7.01628e-08 0.000480337 -0.0316772
46.2 7.96649e-19 -6.70373e-08 0.000467847 -0.0312124
46.3 7.22398e-19 -6.40505e-08 0.000455675 -0.0307537
46.4 6.55064e-19 -6.11961e-08 0.000443812 -0.0303008
46.5 5.94004e-19 -5.84684e-08 0.000432251 -0.0298538
46.6 5.38633e-19 -5.58617e-08 0.000420985 -0.0294127
46.7 4.88421e-19 -5.33707e-08 0.000410005 -0.0289773
46.8 4.42888e-19 -5.09904e-08 0.000399306 -0.0285476
46.9 4.01598e-19 -4.87157e-08 0.000388879 -0.0281236
47 3.64156e-19 -4.6542e-08 0.000378719 -0.0277051
47.1 3.30203e-19 -4.44649e-08 0.000368819 -0.0272922
47.2 2.99414e-19 -4.24801e-08 0.000359171 -0.0268847
47.3 2.71495e-19 -4.05835e-08 0.000349771 -0.0264826
47.4 2.46178e-19 -3.87713e-08 0.000340611 -0.0260859
47.5 2.23221e-19 -3.70396e-08 0.000331686 -0.0256945
47.6 2.02404e-19 -3.53849e-08 0.00032299 -0.0253084
47.7 1.83528e-19 -3.38039e-08 0.000314517 -0.0249274
47.8 1.66411e-19 -3.22931e-08 0.000306262 -0.0245515
47.9 1.5089e-19 -3.08497e-08 0.000298219 -0.0241807
48 1.36816e-19 -2.94704e-08 0.000290382 -0.023815
48.1 1.24054e-19 -2.81526e-08 0.000282748 -0.0234542
48.2 1.12482e-19 -2.68935e-08 0.00027531 -0.0230983
48.3 1.01989e-19 -2.56904e-08 0.000268064 -0.0227472
48.4 9.24746e-20 -2.4541e-08 0.000261004 -0.022401
48.5 8.38474e-20 -2.34427e-08 0.000254127 -0.0220595
48.6 7.60247e-20 -2.23935e-08 0.000247427 -0.0217227
48.7 6.89315e-20 -2.1391e-08 0.0002409 -0.0213905
48.8 6.24999e-20 -2.04331e-08 0.000234543 -0.0210629
48.9 5.66681e-20 -1.95181e-08 0.000228349 -0.0207398
49 5.13803e-20 -1.86438e-08 0.000222316 -0.0204212
49.1 4.65857e-20 -1.78085e-08 0.000216439 -0.0201071
49.2 4.22383e-20 -1.70105e-08 0.000210715 -0.0197973
49.3 3.82965e-20 -1.62482e-08 0.000205139 -0.0194919
49.4 3.47224e-20 -1.55198e-08 0.000199708 -0.0191907
49.5 3.14817e-20 -1.4824e-08 0.000194418 -0.0188937
49.6 2.85434e-20 -1.41593e-08 0.000189265 -0.018601
49.7 2.58792e-20 -1.35242e-08 0.000184246 -0.0183123
49.8 2.34636e-20 -1.29175e-08 0.000179358 -0.0180277
49.9 2.12734e-20 -1.2338e-08 0.000174597 -0.0177472
