0 1
0.00776283 0.996119
0.015261 0.99237
0.0226592 0.988671
0.0300174 0.984994
0.0373578 0.981325
0.0446886 0.977663
0.052013 0.974005
0.0593319 0.970351
0.066646 0.966702
0.0739552 0.963056
0.0812598 0.959415
0.0885596 0.955778
0.0958547 0.952146
0.103145 0.948519
0.110431 0.944897
0.117711 0.94128
0.124988 0.937669
0.132259 0.934063
0.139525 0.930463
0.146787 0.92687
0.154044 0.923282
0.161296 0.919701
0.168543 0.916127
0.175785 0.912559
0.183023 0.908999
0.190255 0.905445
0.197483 0.901899
0.204706 0.89836
0.211924 0.894829
0.219137 0.891306
0.226345 0.887792
0.233548 0.884285
0.240746 0.880787
0.247939 0.877297
0.255127 0.873816
0.26231 0.870344
0.269488 0.866881
0.276661 0.863427
0.28383 0.859983
0.290993 0.856548
0.298151 0.853124
0.305304 0.849709
0.312452 0.846304
0.319594 0.842909
0.326732 0.839525
0.333865 0.836151
0.340993 0.832789
0.348115 0.829437
0.355233 0.826096
0.362345 0.822766
0.369452 0.819448
0.376554 0.816141
0.383651 0.812846
0.390743 0.809562
0.39783 0.806291
0.404911 0.803032
0.411987 0.799784
0.419058 0.79655
0.426124 0.793328
0.433185 0.790118
0.440241 0.786921
0.447291 0.783738
0.454337 0.780567
0.461377 0.777409
0.468411 0.774265
0.475441 0.771135
0.482466 0.768018
0.489485 0.764914
0.496499 0.761825
0.503508 0.75875
0.510511 0.755688
0.517509 0.752641
0.524503 0.749609
0.53149 0.746591
0.538473 0.743587
0.54545 0.740598
0.552423 0.737625
0.559389 0.734666
0.566351 0.731722
0.573308 0.728793
0.580259 0.72588
0.587205 0.722982
0.594145 0.7201
0.601081 0.717233
0.608011 0.714382
0.614936 0.711547
0.621856 0.708728
0.62877 0.705925
0.63568 0.703138
0.642584 0.700367
0.649482 0.697613
0.656376 0.694875
0.663264 0.692154
0.670148 0.689449
0.677025 0.686761
0.683898 0.68409
0.690766 0.681436
0.697628 0.678799
0.704485 0.676179
0.711337 0.673576
0.718184 0.670991
0.725025 0.668423
0.731862 0.665872
0.738693 0.663339
0.745519 0.660824
0.75234 0.658326
0.759155 0.655846
0.765966 0.653383
0.772771 0.650939
0.779572 0.648513
0.786367 0.646104
0.793157 0.643714
0.799942 0.641342
0.806722 0.638989
0.813496 0.636653
0.820266 0.634336
0.827031 0.632038
0.833791 0.629758
0.840545 0.627497
0.847295 0.625254
0.85404 0.62303
0.860779 0.620825
0.867514 0.618638
0.874244 0.616471
0.880968 0.614322
0.887688 0.612193
0.894403 0.610082
0.901113 0.607991
0.907818 0.605919
0.914519 0.603866
0.921214 0.601832
0.927905 0.599817
0.934591 0.597822
0.941272 0.595846
0.947948 0.59389
0.954619 0.591953
0.961286 0.590036
0.967948 0.588138
0.974606 0.58626
0.981258 0.584401
0.987907 0.582562
0.99455 0.580743
1.00119 0.578944
1.00782 0.577164
1.01445 0.575404
1.02108 0.573664
1.0277 0.571944
1.03432 0.570244
1.04093 0.568563
1.04754 0.566903
1.05414 0.565263
1.06074 0.563642
1.06733 0.562042
1.07392 0.560462
1.08051 0.558901
1.08709 0.557361
1.09367 0.555842
1.10024 0.554342
1.10681 0.552862
1.11337 0.551403
1.11994 0.549964
1.12649 0.548545
1.13305 0.547146
1.1396 0.545768
1.14614 0.54441
1.15268 0.543072
1.15922 0.541754
1.16575 0.540457
1.17228 0.53918
1.17881 0.537924
1.18533 0.536688
1.19185 0.535472
1.19837 0.534277
1.20488 0.533102
1.21139 0.531948
1.21789 0.530814
1.22439 0.5297
1.23089 0.528607
1.23739 0.527534
1.24388 0.526482
1.25037 0.52545
1.25685 0.524439
1.26333 0.523448
1.26981 0.522477
1.27629 0.521527
1.28276 0.520598
1.28923 0.519689
1.2957 0.518801
1.30216 0.517933
1.30862 0.517085
1.31508 0.516258
1.32154 0.515452
1.32799 0.514666
1.33444 0.513901
1.34089 0.513156
1.34734 0.512431
1.35378 0.511728
1.36022 0.511044
1.36666 0.510381
1.3731 0.509739
1.37954 0.509117
1.38597 0.508516
1.3924 0.507935
1.39883 0.507375
1.40526 0.506835
1.41168 0.506316
1.4181 0.505817
1.42453 0.505339
1.43095 0.504882
1.43737 0.504444
1.44378 0.504028
1.4502 0.503632
1.45661 0.503256
1.46303 0.502901
1.46944 0.502566
1.47585 0.502252
1.48226 0.501959
1.48867 0.501685
1.49507 0.501433
1.50148 0.501201
1.50789 0.500989
1.51429 0.500798
1.52069 0.500627
1.5271 0.500477
1.5335 0.500348
1.5399 0.500239
1.54631 0.50015
1.55271 0.500082
1.55911 0.500034
1.56551 0.500007
1.57191 0.5
1.57831 0.500014
1.58472 0.500048
1.59112 0.500103
1.59752 0.500179
1.60392 0.500274
1.61032 0.500391
1.61672 0.500527
1.62313 0.500684
1.62953 0.500862
1.63593 0.50106
1.64234 0.501279
1.64874 0.501518
1.65515 0.501778
1.66156 0.502058
1.66796 0.502359
1.67437 0.50268
1.68078 0.503021
1.68719 0.503383
1.6936 0.503766
1.70002 0.504169
1.70643 0.504592
1.71285 0.505036
1.71927 0.505501
1.72568 0.505986
1.7321 0.506491
1.73853 0.507017
1.74495 0.507563
1.75138 0.50813
1.7578 0.508717
1.76423 0.509325
1.77066 0.509954
1.7771 0.510602
1.78353 0.511272
1.78997 0.511961
1.79641 0.512671
1.80285 0.513402
1.8093 0.514153
1.81574 0.514925
1.82219 0.515717
1.82864 0.516529
1.8351 0.517362
1.84155 0.518216
1.84801 0.519089
1.85447 0.519984
1.86094 0.520898
1.86741 0.521834
1.87388 0.522789
1.88035 0.523765
1.88683 0.524762
1.89331 0.525778
1.89979 0.526816
1.90627 0.527873
1.91276 0.528951
1.91925 0.53005
1.92575 0.531169
1.93225 0.532308
1.93875 0.533467
1.94526 0.534647
1.95176 0.535847
1.95828 0.537068
1.96479 0.538309
1.97131 0.53957
1.97783 0.540851
1.98436 0.542153
1.99089 0.543475
1.99743 0.544817
2.00396 0.54618
2.01051 0.547562
2.01705 0.548965
2.0236 0.550388
2.03015 0.551831
2.03671 0.553295
2.04327 0.554778
2.04984 0.556282
2.05641 0.557805
2.06298 0.559349
2.06956 0.560913
2.07614 0.562496
2.08273 0.5641
2.08932 0.565724
2.09591 0.567367
2.10251 0.569031
2.10912 0.570714
2.11572 0.572418
2.12234 0.574141
2.12895 0.575884
2.13557 0.577646
2.1422 0.579429
2.14883 0.581231
2.15546 0.583052
2.1621 0.584894
2.16875 0.586755
2.1754 0.588635
2.18205 0.590535
2.18871 0.592455
2.19537 0.594394
2.20204 0.596352
2.20871 0.59833
2.21538 0.600326
2.22207 0.602343
2.22875 0.604378
2.23544 0.606433
2.24214 0.608506
2.24884 0.610599
2.25554 0.612711
2.26226 0.614842
2.26897 0.616991
2.27569 0.61916
2.28242 0.621347
2.28915 0.623553
2.29588 0.625778
2.30262 0.628021
2.30936 0.630283
2.31611 0.632564
2.32287 0.634863
2.32963 0.63718
2.33639 0.639516
2.34316 0.64187
2.34994 0.644242
2.35672 0.646632
2.3635 0.64904
2.37029 0.651467
2.37709 0.653911
2.38389 0.656373
2.3907 0.658852
2.39751 0.66135
2.40432 0.663865
2.41114 0.666397
2.41797 0.668947
2.4248 0.671515
2.43164 0.6741
2.43848 0.676701
2.44532 0.67932
2.45218 0.681956
2.45903 0.684609
2.4659 0.687279
2.47276 0.689966
2.47964 0.692669
2.48651 0.695389
2.4934 0.698125
2.50028 0.700878
2.50718 0.703647
2.51408 0.706432
2.52098 0.709234
2.52789 0.712051
2.5348 0.714884
2.54172 0.717733
2.54865 0.720598
2.55558 0.723478
2.56251 0.726374
2.56946 0.729285
2.5764 0.732211
2.58335 0.735153
2.59031 0.738109
2.59727 0.74108
2.60424 0.744067
2.61121 0.747068
2.61819 0.750083
2.62517 0.753113
2.63216 0.756157
2.63915 0.759215
2.64615 0.762288
2.65315 0.765374
2.66016 0.768475
2.66717 0.771588
2.67419 0.774716
2.68122 0.777857
2.68824 0.781011
2.69528 0.784178
2.70232 0.787359
2.70936 0.790552
2.71641 0.793758
2.72347 0.796977
2.73053 0.800208
2.7376 0.803451
2.74467 0.806707
2.75174 0.809975
2.75882 0.813254
2.76591 0.816546
2.773 0.819849
2.7801 0.823163
2.7872 0.826489
2.79431 0.829826
2.80142 0.833174
2.80853 0.836533
2.81566 0.839902
2.82278 0.843282
2.82992 0.846673
2.83705 0.850073
2.8442 0.853484
2.85134 0.856904
2.8585 0.860335
2.86565 0.863775
2.87282 0.867224
2.87998 0.870682
2.88716 0.87415
2.89433 0.877626
2.90152 0.881112
2.9087 0.884605
2.9159 0.888108
2.92309 0.891618
2.9303 0.895136
2.9375 0.898663
2.94472 0.902197
2.95193 0.905738
2.95916 0.909287
2.96638 0.912843
2.97361 0.916406
2.98085 0.919975
2.98809 0.923551
2.99534 0.927134
3.00259 0.930723
3.00985 0.934318
3.01711 0.937919
3.02437 0.941525
3.03165 0.945137
3.03892 0.948754
3.0462 0.952376
3.05349 0.956004
3.06078 0.959635
3.06807 0.963272
3.07537 0.966912
3.08267 0.970557
3.08998 0.974206
3.09729 0.977858
3.10461 0.981514
3.11194 0.985173
3.11926 0.988836
3.12659 0.992501
3.13393 0.996169
3.14127 0.999839
3.14862 1.00351
3.15597 1.00719
3.16332 1.01086
3.17068 1.01454
3.17804 1.01822
3.18541 1.0219
3.19279 1.02559
3.20016 1.02927
3.20754 1.03295
3.21493 1.03664
3.22232 1.04032
3.22972 1.044
3.23711 1.04769
3.24452 1.05137
3.25193 1.05505
3.25934 1.05874
3.26676 1.06242
3.27418 1.0661
3.2816 1.06978
3.28903 1.07345
3.29646 1.07713
3.3039 1.0808
3.31135 1.08447
3.31879 1.08814
3.32624 1.0918
3.3337 1.09546
3.34116 1.09912
3.34862 1.10278
3.35609 1.10643
3.36356 1.11007
3.37103 1.11372
3.37851 1.11735
3.386 1.12099
3.39348 1.12462
3.40098 1.12824
3.40847 1.13186
3.41597 1.13547
3.42347 1.13908
3.43098 1.14268
3.43849 1.14628
3.44601 1.14987
3.45353 1.15345
3.46105 1.15703
3.46858 1.16059
3.47611 1.16416
3.48364 1.16771
3.49118 1.17126
3.49872 1.17479
3.50627 1.17832
3.51382 1.18184
3.52137 1.18536
3.52893 1.18886
3.53649 1.19236
3.54405 1.19584
3.55162 1.19932
3.55919 1.20278
3.56677 1.20624
3.57434 1.20969
3.58193 1.21312
3.58951 1.21655
3.5971 1.21996
3.60469 1.22336
3.61229 1.22675
3.61989 1.23013
3.62749 1.2335
3.6351 1.23686
3.64271 1.2402
3.65032 1.24353
3.65794 1.24685
3.66556 1.25016
3.67318 1.25345
3.68081 1.25673
3.68844 1.26
3.69607 1.26325
3.70371 1.26649
3.71135 1.26971
3.71899 1.27292
3.72663 1.27612
3.73428 1.2793
3.74193 1.28246
3.74959 1.28561
3.75725 1.28875
3.76491 1.29187
3.77257 1.29497
3.78024 1.29805
3.78791 1.30112
3.79558 1.30418
3.80326 1.30722
3.81094 1.31024
3.81862 1.31324
3.8263 1.31622
3.83399 1.31919
3.84168 1.32214
3.84937 1.32507
3.85707 1.32799
3.86477 1.33088
3.87247 1.33376
3.88017 1.33662
3.88788 1.33946
3.89559 1.34228
3.9033 1.34508
3.91101 1.34786
3.91873 1.35062
3.92645 1.35336
3.93417 1.35608
3.9419 1.35878
3.94963 1.36146
3.95735 1.36412
3.96509 1.36676
3.97282 1.36938
3.98056 1.37198
3.9883 1.37455
3.99604 1.3771
4.00378 1.37963
4.01153 1.38214
4.01928 1.38463
4.02703 1.3871
4.03478 1.38954
4.04254 1.39196
4.05029 1.39435
4.05805 1.39673
4.06582 1.39908
4.07358 1.4014
4.08135 1.40371
4.08911 1.40599
4.09688 1.40824
4.10466 1.41047
4.11243 1.41268
4.12021 1.41486
4.12798 1.41702
4.13576 1.41915
4.14355 1.42126
4.15133 1.42335
4.15911 1.4254
4.1669 1.42744
4.17469 1.42944
4.18248 1.43143
4.19027 1.43338
4.19807 1.43531
4.20587 1.43722
4.21366 1.4391
4.22146 1.44095
4.22926 1.44277
4.23707 1.44457
4.24487 1.44634
4.25268 1.44809
4.26048 1.44981
4.26829 1.4515
4.2761 1.45316
4.28391 1.4548
4.29173 1.45641
4.29954 1.45799
4.30736 1.45954
4.31517 1.46107
4.32299 1.46257
4.33081 1.46404
4.33863 1.46548
4.34646 1.4669
4.35428 1.46828
4.3621 1.46964
4.36993 1.47097
4.37776 1.47227
4.38559 1.47354
4.39342 1.47478
4.40125 1.47599
4.40908 1.47718
4.41691 1.47833
4.42474 1.47946
4.43258 1.48055
4.44041 1.48162
4.44825 1.48266
4.45609 1.48367
4.46393 1.48465
4.47176 1.48559
4.4796 1.48651
4.48744 1.4874
4.49529 1.48826
4.50313 1.48909
4.51097 1.48989
4.51881 1.49066
4.52666 1.4914
4.5345 1.49211
4.54235 1.49279
4.55019 1.49344
4.55804 1.49406
4.56589 1.49464
4.57374 1.4952
4.58158 1.49573
4.58943 1.49623
4.59728 1.49669
4.60513 1.49713
4.61298 1.49753
4.62083 1.49791
4.62868 1.49825
4.63653 1.49856
4.64438 1.49884
4.65223 1.4991
4.66008 1.49932
4.66794 1.49951
4.67579 1.49967
4.68364 1.49979
4.69149 1.49989
4.69934 1.49996
4.7072 1.49999
4.71505 1.5
4.7229 1.49997
4.73075 1.49992
4.73861 1.49983
4.74646 1.49971
4.75431 1.49956
4.76216 1.49938
4.77001 1.49917
4.77787 1.49893
4.78572 1.49866
4.79357 1.49835
4.80142 1.49802
4.80927 1.49766
4.81712 1.49726
4.82497 1.49683
4.83282 1.49638
4.84067 1.49589
4.84852 1.49537
4.85637 1.49483
4.86422 1.49425
4.87207 1.49364
4.87991 1.493
4.88776 1.49233
4.89561 1.49163
4.90345 1.4909
4.9113 1.49014
4.91914 1.48935
4.92698 1.48853
4.93483 1.48768
4.94267 1.4868
4.95051 1.48589
4.95835 1.48495
4.96619 1.48398
4.97403 1.48298
4.98187 1.48195
4.98971 1.4809
4.99755 1.47981
5.00538 1.47869
5.01322 1.47755
5.02105 1.47637
5.02888 1.47517
5.03672 1.47393
5.04455 1.47267
5.05238 1.47138
5.06021 1.47006
5.06803 1.46871
5.07586 1.46733
5.08368 1.46593
5.09151 1.4645
5.09933 1.46303
5.10715 1.46154
5.11497 1.46003
5.12279 1.45848
5.13061 1.45691
5.13843 1.4553
5.14624 1.45368
5.15406 1.45202
5.16187 1.45034
5.16968 1.44863
5.17749 1.44689
5.1853 1.44512
5.1931 1.44333
5.20091 1.44151
5.20871 1.43967
5.21652 1.4378
5.22432 1.4359
5.23211 1.43398
5.23991 1.43203
5.24771 1.43005
5.2555 1.42805
5.26329 1.42603
5.27108 1.42397
5.27887 1.4219
5.28666 1.4198
5.29444 1.41767
5.30222 1.41552
5.31 1.41334
5.31778 1.41114
5.32556 1.40891
5.33334 1.40666
5.34111 1.40439
5.34888 1.40209
5.35665 1.39977
5.36442 1.39743
5.37218 1.39506
5.37994 1.39267
5.3877 1.39026
5.39546 1.38782
5.40322 1.38536
5.41097 1.38288
5.41872 1.38037
5.42647 1.37785
5.43422 1.3753
5.44197 1.37273
5.44971 1.37014
5.45745 1.36752
5.46519 1.36489
5.47292 1.36223
5.48066 1.35956
5.48839 1.35686
5.49612 1.35414
5.50384 1.35141
5.51157 1.34865
5.51929 1.34587
5.527 1.34307
5.53472 1.34026
5.54243 1.33742
5.55014 1.33457
5.55785 1.33169
5.56556 1.3288
5.57326 1.32589
5.58096 1.32296
5.58866 1.32001
5.59635 1.31705
5.60404 1.31406
5.61173 1.31106
5.61942 1.30804
5.6271 1.30501
5.63478 1.30196
5.64246 1.29889
5.65013 1.2958
5.6578 1.2927
5.66547 1.28959
5.67314 1.28645
5.6808 1.28331
5.68846 1.28014
5.69611 1.27696
5.70377 1.27377
5.71142 1.27056
5.71906 1.26734
5.72671 1.2641
5.73435 1.26085
5.74199 1.25758
5.74962 1.2543
5.75725 1.25101
5.76488 1.2477
5.7725 1.24439
5.78013 1.24105
5.78774 1.23771
5.79536 1.23435
5.80297 1.23099
5.81058 1.2276
5.81818 1.22421
5.82578 1.22081
5.83338 1.21739
5.84098 1.21397
5.84857 1.21053
5.85615 1.20709
5.86374 1.20363
5.87132 1.20016
5.87889 1.19668
5.88647 1.1932
5.89404 1.1897
5.9016 1.1862
5.90916 1.18268
5.91672 1.17916
5.92428 1.17563
5.93183 1.17209
5.93938 1.16854
5.94692 1.16498
5.95446 1.16142
5.962 1.15785
5.96953 1.15427
5.97706 1.15068
5.98458 1.14709
5.9921 1.1435
5.99962 1.13989
6.00713 1.13628
6.01464 1.13266
6.02215 1.12904
6.02965 1.12542
6.03714 1.12178
6.04464 1.11815
6.05213 1.1145
6.05961 1.11086
6.06709 1.10721
6.07457 1.10355
6.08204 1.09989
6.08951 1.09623
6.09698 1.09257
6.10444 1.0889
6.11189 1.08523
6.11935 1.08155
6.12679 1.07788
6.13424 1.0742
6.14168 1.07052
6.14911 1.06684
6.15655 1.06315
6.16397 1.05947
6.17139 1.05578
6.17881 1.05209
6.18623 1.0484
6.19364 1.04471
6.20104 1.04103
6.20844 1.03734
6.21584 1.03365
6.22323 1.02996
6.23062 1.02627
6.238 1.02258
6.24538 1.0189
6.25276 1.01521
6.26013 1.01153
6.26749 1.00785
6.27485 1.00417
6.28221 1.00049
6.28956 0.996812
6.29691 0.993139
6.30425 0.989468
6.31159 0.9858
6.31892 0.982135
6.32625 0.978474
6.33358 0.974816
6.34089 0.971161
6.34821 0.967511
6.35552 0.963864
6.36283 0.960222
6.37013 0.956584
6.37742 0.952951
6.38471 0.949323
6.392 0.9457
6.39928 0.942082
6.40656 0.938469
6.41383 0.934862
6.4211 0.931261
6.42836 0.927666
6.43562 0.924077
6.44287 0.920495
6.45012 0.916919
6.45736 0.91335
6.4646 0.909788
6.47184 0.906233
6.47907 0.902685
6.48629 0.899145
6.49351 0.895612
6.50072 0.892087
6.50793 0.88857
6.51514 0.885062
6.52234 0.881562
6.52953 0.87807
6.53672 0.874587
6.5439 0.871113
6.55108 0.867648
6.55826 0.864192
6.56543 0.860746
6.57259 0.857309
6.57975 0.853882
6.5869 0.850465
6.59405 0.847058
6.6012 0.843661
6.60833 0.840275
6.61547 0.836899
6.6226 0.833534
6.62972 0.830179
6.63684 0.826836
6.64395 0.823504
6.65106 0.820183
6.65816 0.816873
6.66526 0.813576
6.67236 0.81029
6.67944 0.807015
6.68653 0.803753
6.6936 0.800504
6.70068 0.797266
6.70774 0.794041
6.71481 0.790829
6.72186 0.787629
6.72891 0.784443
6.73596 0.781269
6.743 0.778109
6.75004 0.774961
6.75707 0.771828
6.76409 0.768708
6.77111 0.765601
6.77813 0.762509
6.78514 0.759431
6.79214 0.756366
6.79914 0.753316
6.80614 0.75028
6.81313 0.747259
6.82011 0.744252
6.82709 0.74126
6.83406 0.738283
6.84103 0.735321
6.84799 0.732373
6.85495 0.729441
6.8619 0.726525
6.86885 0.723623
6.87579 0.720738
6.88273 0.717867
6.88966 0.715013
6.89659 0.712174
6.90351 0.709352
6.91042 0.706545
6.91733 0.703754
6.92424 0.70098
6.93114 0.698222
6.93803 0.695481
6.94492 0.692756
6.95181 0.690048
6.95869 0.687356
6.96556 0.684681
6.97243 0.682023
6.97929 0.679383
6.98615 0.676759
6.993 0.674152
6.99985 0.671563
7.00669 0.668991
7.01353 0.666436
7.02036 0.663899
7.02719 0.66138
7.03401 0.658878
7.04083 0.656394
7.04764 0.653928
7.05445 0.65148
7.06125 0.649049
7.06805 0.646637
7.07484 0.644243
7.08162 0.641867
7.0884 0.639509
7.09518 0.63717
7.10195 0.634849
7.10872 0.632546
7.11548 0.630262
7.12223 0.627996
7.12898 0.62575
7.13573 0.623522
7.14247 0.621312
7.14921 0.619122
7.15594 0.61695
7.16266 0.614797
7.16938 0.612663
7.1761 0.610549
7.18281 0.608453
7.18952 0.606377
7.19622 0.604319
7.20291 0.602281
7.20961 0.600262
7.21629 0.598263
7.22298 0.596283
7.22965 0.594322
7.23633 0.592381
7.24299 0.590459
7.24966 0.588557
7.25631 0.586675
7.26297 0.584812
7.26962 0.582968
7.27626 0.581145
7.2829 0.579341
7.28954 0.577557
7.29617 0.575793
7.30279 0.574048
7.30942 0.572324
7.31603 0.570619
7.32265 0.568934
7.32926 0.567269
7.33586 0.565625
7.34246 0.564
7.34905 0.562395
7.35565 0.56081
7.36223 0.559246
7.36882 0.557701
7.37539 0.556177
7.38197 0.554673
7.38854 0.553189
7.3951 0.551725
7.40167 0.550281
7.40822 0.548858
7.41478 0.547455
7.42133 0.546072
7.42787 0.544709
7.43442 0.543367
7.44096 0.542045
7.44749 0.540743
7.45402 0.539462
7.46055 0.538201
7.46707 0.53696
7.47359 0.53574
7.48011 0.53454
7.48662 0.533361
7.49313 0.532202
7.49963 0.531063
7.50614 0.529945
7.51264 0.528848
7.51913 0.52777
7.52562 0.526713
7.53211 0.525677
7.5386 0.524661
7.54508 0.523666
7.55156 0.522691
7.55804 0.521736
7.56451 0.520802
7.57098 0.519889
7.57745 0.518996
7.58391 0.518124
7.59038 0.517272
7.59684 0.51644
7.60329 0.515629
7.60975 0.514839
7.6162 0.514069
7.62265 0.513319
7.6291 0.51259
7.63554 0.511882
7.64198 0.511194
7.64842 0.510527
7.65486 0.50988
7.66129 0.509253
7.66773 0.508648
7.67416 0.508062
7.68059 0.507498
7.68702 0.506953
7.69344 0.50643
7.69987 0.505926
7.70629 0.505444
7.71271 0.504981
7.71913 0.50454
7.72554 0.504118
7.73196 0.503718
7.73838 0.503338
7.74479 0.502978
7.7512 0.502639
7.75761 0.50232
7.76402 0.502022
7.77043 0.501744
7.77684 0.501487
7.78324 0.50125
7.78965 0.501034
7.79606 0.500839
7.80246 0.500664
7.80886 0.500509
7.81527 0.500375
7.82167 0.500261
7.82807 0.500168
7.83447 0.500095
7.84088 0.500043
7.84728 0.500011
7.85368 0.5
7.86008 0.500009
7.86648 0.500039
7.87288 0.500089
7.87928 0.50016
7.88569 0.500251
7.89209 0.500363
7.89849 0.500495
7.90489 0.500648
7.9113 0.500821
7.9177 0.501015
7.9241 0.501229
7.93051 0.501463
7.93691 0.501719
7.94332 0.501994
7.94973 0.50229
7.95614 0.502607
7.96255 0.502944
7.96896 0.503301
7.97537 0.503679
7.98178 0.504078
7.98819 0.504497
7.99461 0.504936
8.00103 0.505396
8.00745 0.505876
8.01387 0.506377
8.02029 0.506899
8.02671 0.50744
8.03314 0.508003
8.03956 0.508585
8.04599 0.509189
8.05242 0.509812
8.05886 0.510457
8.06529 0.511121
8.07173 0.511807
8.07817 0.512512
8.08461 0.513238
8.09105 0.513985
8.0975 0.514752
8.10395 0.515539
8.1104 0.516347
8.11685 0.517176
8.12331 0.518025
8.12976 0.518894
8.13623 0.519784
8.14269 0.520694
8.14916 0.521624
8.15563 0.522576
8.1621 0.523547
8.16857 0.524539
8.17505 0.525551
8.18154 0.526584
8.18802 0.527637
8.19451 0.528711
8.201 0.529804
8.20749 0.530919
8.21399 0.532053
8.22049 0.533208
8.227 0.534384
8.23351 0.535579
8.24002 0.536795
8.24653 0.538032
8.25305 0.539288
8.25957 0.540565
8.2661 0.541863
8.27263 0.54318
8.27916 0.544518
8.2857 0.545876
8.29224 0.547254
8.29878 0.548652
8.30533 0.550071
8.31189 0.55151
8.31844 0.552968
8.325 0.554447
8.33157 0.555946
8.33814 0.557466
8.34471 0.559005
8.35129 0.560564
8.35787 0.562143
8.36445 0.563743
8.37104 0.565362
8.37764 0.567001
8.38423 0.56866
8.39084 0.570339
8.39744 0.572038
8.40406 0.573757
8.41067 0.575495
8.41729 0.577254
8.42392 0.579032
8.43054 0.580829
8.43718 0.582647
8.44382 0.584484
8.45046 0.58634
8.45711 0.588217
8.46376 0.590112
8.47042 0.592027
8.47708 0.593962
8.48374 0.595916
8.49041 0.597889
8.49709 0.599882
8.50377 0.601894
8.51045 0.603925
8.51714 0.605975
8.52384 0.608045
8.53054 0.610133
8.53724 0.612241
8.54395 0.614368
8.55067 0.616513
8.55738 0.618677
8.56411 0.620861
8.57084 0.623062
8.57757 0.625283
8.58431 0.627522
8.59105 0.62978
8.5978 0.632057
8.60456 0.634351
8.61131 0.636665
8.61808 0.638996
8.62485 0.641346
8.63162 0.643714
8.6384 0.6461
8.64518 0.648505
8.65197 0.650927
8.65877 0.653367
8.66557 0.655825
8.67237 0.658301
8.67918 0.660794
8.68599 0.663306
8.69281 0.665834
8.69964 0.66838
8.70647 0.670944
8.7133 0.673525
8.72015 0.676123
8.72699 0.678738
8.73384 0.68137
8.7407 0.68402
8.74756 0.686686
8.75442 0.689369
8.7613 0.692068
8.76817 0.694784
8.77505 0.697517
8.78194 0.700266
8.78883 0.703032
8.79573 0.705813
8.80263 0.708611
8.80954 0.711425
8.81646 0.714254
8.82337 0.7171
8.8303 0.719961
8.83723 0.722838
8.84416 0.72573
8.8511 0.728638
8.85805 0.731561
8.865 0.734499
8.87195 0.737452
8.87891 0.74042
8.88588 0.743403
8.89285 0.746401
8.89982 0.749413
8.9068 0.75244
8.91379 0.755481
8.92078 0.758536
8.92778 0.761605
8.93478 0.764689
8.94179 0.767786
8.9488 0.770897
8.95582 0.774021
8.96284 0.777159
8.96987 0.78031
8.9769 0.783475
8.98394 0.786652
8.99099 0.789843
8.99804 0.793046
9.00509 0.796262
9.01215 0.79949
9.01921 0.802731
9.02628 0.805984
9.03336 0.809249
9.04044 0.812526
9.04752 0.815815
9.05461 0.819115
9.06171 0.822427
9.06881 0.825751
9.07591 0.829085
9.08303 0.83243
9.09014 0.835787
9.09726 0.839154
9.10439 0.842532
9.11152 0.84592
9.11866 0.849318
9.1258 0.852727
9.13294 0.856145
9.14009 0.859573
9.14725 0.863011
9.15441 0.866458
9.16158 0.869915
9.16875 0.87338
9.17593 0.876855
9.18311 0.880338
9.19029 0.88383
9.19749 0.88733
9.20468 0.890839
9.21188 0.894355
9.21909 0.89788
9.2263 0.901412
9.23352 0.904952
9.24074 0.908499
9.24797 0.912053
9.2552 0.915615
9.26243 0.919183
9.26967 0.922758
9.27692 0.926339
9.28417 0.929927
9.29142 0.93352
9.29868 0.93712
9.30595 0.940725
9.31322 0.944336
9.32049 0.947952
9.32777 0.951573
9.33506 0.955199
9.34234 0.95883
9.34964 0.962465
9.35694 0.966105
9.36424 0.969749
9.37155 0.973396
9.37886 0.977048
9.38617 0.980703
9.3935 0.984362
9.40082 0.988023
9.40815 0.991688
9.41549 0.995355
9.42283 0.999025
9.43017 1.0027
9.43752 1.00637
9.44488 1.01005
9.45223 1.01373
9.4596 1.01741
9.46696 1.02109
9.47434 1.02477
9.48171 1.02845
9.48909 1.03213
9.49648 1.03582
9.50387 1.0395
9.51126 1.04319
9.51866 1.04687
9.52606 1.05056
9.53347 1.05424
9.54088 1.05792
9.5483 1.0616
9.55572 1.06528
9.56314 1.06896
9.57057 1.07264
9.578 1.07631
9.58544 1.07998
9.59288 1.08366
9.60033 1.08732
9.60777 1.09099
9.61523 1.09465
9.62269 1.09831
9.63015 1.10197
9.63762 1.10562
9.64509 1.10926
9.65256 1.11291
9.66004 1.11655
9.66752 1.12018
9.67501 1.12381
9.6825 1.12744
9.68999 1.13106
9.69749 1.13467
9.70499 1.13828
9.7125 1.14188
9.72001 1.14548
9.72753 1.14907
9.73504 1.15266
9.74257 1.15623
9.75009 1.1598
9.75762 1.16337
9.76516 1.16692
9.77269 1.17047
9.78023 1.17401
9.78778 1.17754
9.79533 1.18106
9.80288 1.18458
9.81044 1.18808
9.818 1.19158
9.82556 1.19507
9.83313 1.19855
9.8407 1.20202
9.84827 1.20547
9.85585 1.20892
9.86343 1.21236
9.87102 1.21579
9.8786 1.2192
9.8862 1.22261
9.89379 1.226
9.90139 1.22939
9.90899 1.23276
9.9166 1.23612
9.92421 1.23946
9.93182 1.2428
9.93943 1.24612
9.94705 1.24943
9.95468 1.25272
9.9623 1.25601
9.96993 1.25927
9.97756 1.26253
9.9852 1.26577
9.99284 1.269
10.0005 1.27221
10.0081 1.27541
10.0158 1.27859
10.0234 1.28176
10.0311 1.28491
10.0387 1.28805
10.0464 1.29117
10.0541 1.29428
10.0617 1.29737
10.0694 1.30045
10.0771 1.3035
10.0847 1.30654
10.0924 1.30957
10.1001 1.31257
10.1078 1.31556
10.1155 1.31854
10.1232 1.32149
10.1309 1.32443
10.1385 1.32734
10.1462 1.33024
10.1539 1.33312
10.1616 1.33599
10.1694 1.33883
10.1771 1.34165
10.1848 1.34446
10.1925 1.34724
10.2002 1.35001
10.2079 1.35276
10.2156 1.35548
10.2234 1.35819
10.2311 1.36087
10.2388 1.36354
10.2466 1.36618
10.2543 1.3688
10.262 1.3714
10.2698 1.37398
10.2775 1.37654
10.2853 1.37908
10.293 1.38159
10.3007 1.38408
10.3085 1.38655
10.3162 1.389
10.324 1.39142
10.3318 1.39382
10.3395 1.3962
10.3473 1.39856
10.355 1.40089
10.3628 1.4032
10.3706 1.40548
10.3783 1.40774
10.3861 1.40998
10.3939 1.41219
10.4017 1.41438
10.4094 1.41654
10.4172 1.41868
10.425 1.4208
10.4328 1.42289
10.4406 1.42495
10.4484 1.42699
10.4561 1.429
10.4639 1.43099
10.4717 1.43295
10.4795 1.43489
10.4873 1.4368
10.4951 1.43868
10.5029 1.44054
10.5107 1.44237
10.5185 1.44418
10.5263 1.44595
10.5341 1.44771
10.5419 1.44943
10.5497 1.45113
10.5576 1.4528
10.5654 1.45444
10.5732 1.45605
10.581 1.45764
10.5888 1.4592
10.5966 1.46073
10.6044 1.46224
10.6123 1.46372
10.6201 1.46516
10.6279 1.46658
10.6357 1.46798
10.6436 1.46934
10.6514 1.47067
10.6592 1.47198
10.667 1.47326
10.6749 1.47451
10.6827 1.47573
10.6905 1.47692
10.6984 1.47808
10.7062 1.47921
10.714 1.48031
10.7219 1.48139
10.7297 1.48243
10.7375 1.48345
10.7454 1.48443
10.7532 1.48539
10.7611 1.48631
10.7689 1.48721
10.7767 1.48807
10.7846 1.48891
10.7924 1.48972
10.8003 1.49049
10.8081 1.49124
10.8159 1.49196
10.8238 1.49264
10.8316 1.4933
10.8395 1.49392
10.8473 1.49452
10.8552 1.49508
10.863 1.49561
10.8709 1.49612
10.8787 1.49659
10.8866 1.49703
10.8944 1.49744
10.9023 1.49783
10.9101 1.49818
10.918 1.4985
10.9258 1.49878
10.9337 1.49904
10.9415 1.49927
10.9494 1.49947
10.9572 1.49963
10.9651 1.49977
10.9729 1.49987
10.9808 1.49995
10.9886 1.49999
10.9965 1.5
11.0043 1.49998
11.0122 1.49993
11.0201 1.49985
11.0279 1.49974
11.0358 1.4996
11.0436 1.49942
11.0515 1.49922
11.0593 1.49898
11.0672 1.49872
11.075 1.49842
11.0829 1.4981
11.0907 1.49774
11.0986 1.49735
11.1064 1.49693
11.1143 1.49648
11.1221 1.496
11.13 1.49549
11.1378 1.49495
11.1457 1.49438
11.1535 1.49378
11.1614 1.49314
11.1692 1.49248
11.1771 1.49179
11.1849 1.49107
11.1927 1.49031
11.2006 1.48953
11.2084 1.48872
11.2163 1.48787
11.2241 1.487
11.232 1.4861
11.2398 1.48516
11.2476 1.4842
11.2555 1.48321
11.2633 1.48219
11.2712 1.48113
11.279 1.48005
11.2868 1.47894
11.2947 1.4778
11.3025 1.47663
11.3103 1.47544
11.3182 1.47421
11.326 1.47295
11.3338 1.47167
11.3417 1.47035
11.3495 1.46901
11.3573 1.46764
11.3651 1.46624
11.373 1.46482
11.3808 1.46336
11.3886 1.46188
11.3964 1.46036
11.4042 1.45882
11.4121 1.45726
11.4199 1.45566
11.4277 1.45404
11.4355 1.45239
11.4433 1.45071
11.4511 1.44901
11.4589 1.44728
11.4668 1.44552
11.4746 1.44373
11.4824 1.44192
11.4902 1.44008
11.498 1.43822
11.5058 1.43632
11.5136 1.43441
11.5214 1.43246
11.5292 1.43049
11.537 1.4285
11.5447 1.42648
11.5525 1.42443
11.5603 1.42236
11.5681 1.42026
11.5759 1.41814
11.5837 1.416
11.5915 1.41382
11.5992 1.41163
11.607 1.40941
11.6148 1.40716
11.6226 1.4049
11.6303 1.4026
11.6381 1.40029
11.6459 1.39795
11.6536 1.39559
11.6614 1.3932
11.6692 1.39079
11.6769 1.38836
11.6847 1.38591
11.6924 1.38343
11.7002 1.38093
11.7079 1.37841
11.7157 1.37586
11.7234 1.3733
11.7312 1.37071
11.7389 1.3681
11.7467 1.36547
11.7544 1.36282
11.7621 1.36015
11.7699 1.35746
11.7776 1.35475
11.7853 1.35201
11.793 1.34926
11.8008 1.34649
11.8085 1.3437
11.8162 1.34088
11.8239 1.33805
11.8316 1.3352
11.8393 1.33233
11.847 1.32944
11.8547 1.32654
11.8624 1.32361
11.8701 1.32067
11.8778 1.31771
11.8855 1.31473
11.8932 1.31173
11.9009 1.30872
11.9086 1.30568
11.9163 1.30264
11.9239 1.29957
11.9316 1.29649
11.9393 1.29339
11.947 1.29028
11.9546 1.28715
11.9623 1.284
11.9699 1.28084
11.9776 1.27767
11.9853 1.27448
11.9929 1.27127
12.0006 1.26805
12.0082 1.26482
12.0158 1.26157
12.0235 1.25831
12.0311 1.25503
12.0387 1.25174
12.0464 1.24844
12.054 1.24512
12.0616 1.24179
12.0692 1.23845
12.0769 1.2351
12.0845 1.23173
12.0921 1.22836
12.0997 1.22497
12.1073 1.22156
12.1149 1.21815
12.1225 1.21473
12.1301 1.2113
12.1377 1.20785
12.1452 1.2044
12.1528 1.20093
12.1604 1.19746
12.168 1.19397
12.1755 1.19048
12.1831 1.18697
12.1907 1.18346
12.1982 1.17994
12.2058 1.17641
12.2133 1.17287
12.2209 1.16933
12.2284 1.16577
12.236 1.16221
12.2435 1.15864
12.251 1.15506
12.2586 1.15148
12.2661 1.14789
12.2736 1.14429
12.2811 1.14069
12.2887 1.13708
12.2962 1.13347
12.3037 1.12985
12.3112 1.12622
12.3187 1.12259
12.3262 1.11895
12.3337 1.11531
12.3411 1.11167
12.3486 1.10802
12.3561 1.10436
12.3636 1.10071
12.371 1.09704
12.3785 1.09338
12.386 1.08971
12.3934 1.08604
12.4009 1.08237
12.4083 1.07869
12.4158 1.07501
12.4232 1.07133
12.4307 1.06765
12.4381 1.06397
12.4455 1.06028
12.4529 1.0566
12.4604 1.05291
12.4678 1.04922
12.4752 1.04553
12.4826 1.04184
12.49 1.03815
12.4974 1.03447
12.5048 1.03078
12.5122 1.02709
12.5196 1.0234
12.5269 1.01971
12.5343 1.01603
12.5417 1.01235
12.549 1.00866
12.5564 1.00498
12.5638 1.0013
12.5711 0.997627
12.5785 0.993953
12.5858 0.990282
12.5931 0.986613
12.6005 0.982948
12.6078 0.979286
12.6151 0.975627
12.6225 0.971971
12.6298 0.96832
12.6371 0.964673
12.6444 0.961029
12.6517 0.957391
12.659 0.953756
12.6663 0.950127
12.6736 0.946503
12.6809 0.942884
12.6881 0.93927
12.6954 0.935662
12.7027 0.932059
12.7099 0.928463
12.7172 0.924873
12.7245 0.921289
12.7317 0.917711
12.7389 0.914141
12.7462 0.910577
12.7534 0.90702
12.7606 0.903471
12.7679 0.899929
12.7751 0.896395
12.7823 0.892868
12.7895 0.88935
12.7967 0.885839
12.8039 0.882337
12.8111 0.878844
12.8183 0.875359
12.8255 0.871883
12.8327 0.868416
12.8399 0.864958
12.847 0.86151
12.8542 0.858071
12.8613 0.854641
12.8685 0.851222
12.8757 0.847813
12.8828 0.844414
12.8899 0.841025
12.8971 0.837647
12.9042 0.834279
12.9113 0.830922
12.9184 0.827576
12.9256 0.824242
12.9327 0.820918
12.9398 0.817606
12.9469 0.814306
12.954 0.811017
12.9611 0.80774
12.9681 0.804476
12.9752 0.801223
12.9823 0.797983
12.9894 0.794755
12.9964 0.79154
13.0035 0.788338
13.0105 0.785148
13.0176 0.781972
13.0246 0.778808
13.0317 0.775658
13.0387 0.772522
13.0457 0.769399
13.0527 0.766289
13.0598 0.763194
13.0668 0.760112
13.0738 0.757044
13.0808 0.753991
13.0878 0.750952
13.0948 0.747928
13.1017 0.744918
13.1087 0.741922
13.1157 0.738942
13.1227 0.735976
13.1296 0.733026
13.1366 0.73009
13.1435 0.72717
13.1505 0.724265
13.1574 0.721376
13.1644 0.718502
13.1713 0.715645
13.1782 0.712802
13.1852 0.709976
13.1921 0.707166
13.199 0.704372
13.2059 0.701594
13.2128 0.698832
13.2197 0.696087
13.2266 0.693359
13.2335 0.690647
13.2403 0.687951
13.2472 0.685273
13.2541 0.682611
13.261 0.679967
13.2678 0.677339
13.2747 0.674729
13.2815 0.672136
13.2884 0.66956
13.2952 0.667001
13.302 0.66446
13.3089 0.661937
13.3157 0.659431
13.3225 0.656943
13.3293 0.654473
13.3361 0.652021
13.3429 0.649587
13.3497 0.64717
13.3565 0.644772
13.3633 0.642392
13.3701 0.64003
13.3769 0.637687
13.3836 0.635362
13.3904 0.633055
13.3972 0.630767
13.4039 0.628497
13.4107 0.626246
13.4174 0.624014
13.4242 0.6218
13.4309 0.619606
13.4376 0.61743
13.4444 0.615273
13.4511 0.613135
13.4578 0.611016
13.4645 0.608916
13.4712 0.606835
13.4779 0.604774
13.4846 0.602731
13.4913 0.600708
13.498 0.598705
13.5047 0.59672
13.5114 0.594755
13.518 0.59281
13.5247 0.590884
13.5314 0.588977
13.538 0.58709
13.5447 0.585223
13.5513 0.583376
13.558 0.581548
13.5646 0.579739
13.5713 0.577951
13.5779 0.576182
13.5845 0.574433
13.5911 0.572704
13.5978 0.570995
13.6044 0.569306
13.611 0.567637
13.6176 0.565988
13.6242 0.564359
13.6308 0.562749
13.6374 0.56116
13.644 0.559591
13.6505 0.558042
13.6571 0.556513
13.6637 0.555005
13.6703 0.553516
13.6768 0.552048
13.6834 0.5506
13.69 0.549172
13.6965 0.547764
13.7031 0.546377
13.7096 0.54501
13.7162 0.543663
13.7227 0.542336
13.7292 0.54103
13.7358 0.539744
13.7423 0.538479
13.7488 0.537234
13.7553 0.536009
13.7618 0.534805
13.7684 0.533621
13.7749 0.532457
13.7814 0.531314
13.7879 0.530191
13.7944 0.529089
13.8009 0.528007
13.8074 0.526946
13.8139 0.525905
13.8203 0.524885
13.8268 0.523885
13.8333 0.522905
13.8398 0.521946
13.8463 0.521008
13.8527 0.52009
13.8592 0.519192
13.8657 0.518315
13.8721 0.517459
13.8786 0.516623
13.885 0.515807
13.8915 0.515012
13.898 0.514238
13.9044 0.513484
13.9109 0.51275
13.9173 0.512037
13.9237 0.511345
13.9302 0.510673
13.9366 0.510022
13.9431 0.509391
13.9495 0.50878
13.9559 0.50819
13.9623 0.507621
13.9688 0.507072
13.9752 0.506544
13.9816 0.506036
13.988 0.505549
13.9945 0.505082
14.0009 0.504636
14.0073 0.50421
14.0137 0.503805
14.0201 0.50342
14.0266 0.503056
14.033 0.502712
14.0394 0.502389
14.0458 0.502086
14.0522 0.501804
14.0586 0.501542
14.065 0.501301
14.0714 0.501081
14.0778 0.50088
14.0842 0.500701
14.0906 0.500541
14.097 0.500403
14.1034 0.500285
14.1098 0.500187
14.1162 0.50011
14.1226 0.500053
14.129 0.500017
14.1354 0.500001
14.1418 0.500006
14.1482 0.500031
14.1546 0.500077
14.161 0.500143
14.1675 0.500229
14.1739 0.500337
14.1803 0.500464
14.1867 0.500612
14.1931 0.500781
14.1995 0.50097
14.2059 0.50118
14.2123 0.50141
14.2187 0.50166
14.2251 0.501931
14.2315 0.502223
14.2379 0.502535
14.2443 0.502867
14.2507 0.50322
14.2571 0.503594
14.2635 0.503988
14.27 0.504402
14.2764 0.504837
14.2828 0.505292
14.2892 0.505768
14.2956 0.506264
14.302 0.506781
14.3085 0.507319
14.3149 0.507876
14.3213 0.508455
14.3278 0.509053
14.3342 0.509672
14.3406 0.510312
14.347 0.510972
14.3535 0.511653
14.3599 0.512354
14.3664 0.513076
14.3728 0.513818
14.3793 0.51458
14.3857 0.515363
14.3922 0.516166
14.3986 0.51699
14.4051 0.517835
14.4115 0.518699
14.418 0.519585
14.4244 0.52049
14.4309 0.521416
14.4374 0.522363
14.4438 0.52333
14.4503 0.524317
14.4568 0.525325
14.4633 0.526353
14.4698 0.527402
14.4763 0.528471
14.4827 0.52956
14.4892 0.53067
14.4957 0.5318
14.5022 0.532951
14.5087 0.534121
14.5152 0.535313
14.5218 0.536524
14.5283 0.537756
14.5348 0.539008
14.5413 0.540281
14.5478 0.541573
14.5544 0.542886
14.5609 0.544219
14.5674 0.545573
14.574 0.546947
14.5805 0.54834
14.5871 0.549755
14.5936 0.551189
14.6002 0.552643
14.6067 0.554118
14.6133 0.555612
14.6199 0.557127
14.6264 0.558662
14.633 0.560217
14.6396 0.561792
14.6462 0.563386
14.6528 0.565001
14.6594 0.566636
14.666 0.568291
14.6726 0.569965
14.6792 0.57166
14.6858 0.573374
14.6924 0.575108
14.699 0.576862
14.7056 0.578636
14.7123 0.580429
14.7189 0.582242
14.7255 0.584075
14.7322 0.585927
14.7388 0.587799
14.7455 0.58969
14.7521 0.591601
14.7588 0.593531
14.7654 0.595481
14.7721 0.59745
14.7788 0.599439
14.7855 0.601446
14.7922 0.603473
14.7988 0.605519
14.8055 0.607584
14.8122 0.609669
14.8189 0.611772
14.8256 0.613894
14.8324 0.616036
14.8391 0.618196
14.8458 0.620375
14.8525 0.622573
14.8593 0.624789
14.866 0.627024
14.8727 0.629278
14.8795 0.63155
14.8862 0.633841
14.893 0.63615
14.8998 0.638478
14.9065 0.640824
14.9133 0.643188
14.9201 0.64557
14.9269 0.64797
14.9337 0.650388
14.9404 0.652825
14.9472 0.655279
14.954 0.65775
14.9609 0.66024
14.9677 0.662747
14.9745 0.665272
14.9813 0.667814
14.9881 0.670374
14.995 0.672951
15.0018 0.675545
15.0087 0.678157
15.0155 0.680785
15.0224 0.683431
15.0292 0.686093
15.0361 0.688772
15.043 0.691468
15.0498 0.694181
15.0567 0.69691
15.0636 0.699655
15.0705 0.702417
15.0774 0.705195
15.0843 0.707989
15.0912 0.710799
15.0981 0.713626
15.105 0.716468
15.1119 0.719325
15.1189 0.722199
15.1258 0.725088
15.1327 0.727992
15.1397 0.730911
15.1466 0.733846
15.1536 0.736796
15.1606 0.739761
15.1675 0.74274
15.1745 0.745735
15.1815 0.748744
15.1884 0.751767
15.1954 0.754805
15.2024 0.757857
15.2094 0.760924
15.2164 0.764004
15.2234 0.767098
15.2304 0.770206
15.2374 0.773327
15.2445 0.776462
15.2515 0.77961
15.2585 0.782772
15.2656 0.785947
15.2726 0.789134
15.2797 0.792335
15.2867 0.795548
15.2938 0.798773
15.3008 0.802011
15.3079 0.805262
15.315 0.808524
15.3221 0.811798
15.3291 0.815085
15.3362 0.818383
15.3433 0.821692
15.3504 0.825013
15.3575 0.828345
15.3646 0.831688
15.3717 0.835042
15.3789 0.838406
15.386 0.841782
15.3931 0.845168
15.4003 0.848564
15.4074 0.85197
15.4145 0.855386
15.4217 0.858812
15.4288 0.862248
15.436 0.865693
15.4432 0.869147
15.4503 0.872611
15.4575 0.876084
15.4647 0.879565
15.4719 0.883055
15.4791 0.886553
15.4863 0.89006
15.4935 0.893575
15.5007 0.897098
15.5079 0.900628
15.5151 0.904166
15.5223 0.907712
15.5295 0.911265
15.5368 0.914825
15.544 0.918391
15.5513 0.921965
15.5585 0.925544
15.5657 0.929131
15.573 0.932723
15.5803 0.936321
15.5875 0.939925
15.5948 0.943534
15.6021 0.947149
15.6093 0.950769
15.6166 0.954394
15.6239 0.958024
15.6312 0.961659
15.6385 0.965297
15.6458 0.96894
15.6531 0.972587
15.6604 0.976238
15.6677 0.979892
15.6751 0.98355
15.6824 0.987211
15.6897 0.990875
15.697 0.994542
15.7044 0.998211
15.7117 1.00188
15.7191 1.00556
15.7264 1.00923
15.7338 1.01291
15.7411 1.01659
15.7485 1.02027
15.7559 1.02395
15.7633 1.02763
15.7706 1.03132
15.778 1.035
15.7854 1.03869
15.7928 1.04237
15.8002 1.04605
15.8076 1.04974
15.815 1.05342
15.8224 1.0571
15.8298 1.06079
15.8373 1.06447
15.8447 1.06814
15.8521 1.07182
15.8595 1.0755
15.867 1.07917
15.8744 1.08284
15.8819 1.08651
15.8893 1.09018
15.8968 1.09384
15.9042 1.0975
15.9117 1.10115
15.9191 1.10481
15.9266 1.10846
15.9341 1.1121
15.9416 1.11574
15.949 1.11938
15.9565 1.12301
15.964 1.12664
15.9715 1.13026
15.979 1.13387
15.9865 1.13748
15.994 1.14109
16.0015 1.14468
16.009 1.14828
16.0166 1.15186
16.0241 1.15544
16.0316 1.15901
16.0391 1.16258
16.0467 1.16613
16.0542 1.16968
16.0617 1.17322
16.0693 1.17676
16.0768 1.18028
16.0844 1.1838
16.0919 1.18731
16.0995 1.19081
16.1071 1.1943
16.1146 1.19778
16.1222 1.20125
16.1298 1.20471
16.1374 1.20816
16.1449 1.2116
16.1525 1.21503
16.1601 1.21845
16.1677 1.22185
16.1753 1.22525
16.1829 1.22864
16.1905 1.23201
16.1981 1.23537
16.2057 1.23872
16.2133 1.24206
16.2209 1.24538
16.2285 1.24869
16.2362 1.25199
16.2438 1.25528
16.2514 1.25855
16.2591 1.26181
16.2667 1.26505
16.2743 1.26828
16.282 1.2715
16.2896 1.2747
16.2973 1.27789
16.3049 1.28106
16.3126 1.28422
16.3202 1.28736
16.3279 1.29048
16.3355 1.29359
16.3432 1.29669
16.3509 1.29977
16.3585 1.30283
16.3662 1.30587
16.3739 1.3089
16.3816 1.31191
16.3893 1.3149
16.397 1.31788
16.4046 1.32084
16.4123 1.32378
16.42 1.3267
16.4277 1.3296
16.4354 1.33249
16.4431 1.33535
16.4508 1.3382
16.4585 1.34103
16.4663 1.34384
16.474 1.34663
16.4817 1.3494
16.4894 1.35215
16.4971 1.35488
16.5048 1.35759
16.5126 1.36028
16.5203 1.36295
16.528 1.36559
16.5358 1.36822
16.5435 1.37083
16.5512 1.37341
16.559 1.37597
16.5667 1.37852
16.5745 1.38103
16.5822 1.38353
16.59 1.38601
16.5977 1.38846
16.6055 1.39089
16.6132 1.39329
16.621 1.39568
16.6287 1.39804
16.6365 1.40037
16.6443 1.40269
16.652 1.40498
16.6598 1.40724
16.6676 1.40949
16.6754 1.4117
16.6831 1.4139
16.6909 1.41607
16.6987 1.41821
16.7065 1.42033
16.7142 1.42242
16.722 1.42449
16.7298 1.42654
16.7376 1.42856
16.7454 1.43055
16.7532 1.43252
16.761 1.43446
16.7688 1.43638
16.7766 1.43827
16.7844 1.44013
16.7922 1.44197
16.8 1.44378
16.8078 1.44556
16.8156 1.44732
16.8234 1.44905
16.8312 1.45075
16.839 1.45243
16.8468 1.45408
16.8546 1.4557
16.8624 1.45729
16.8703 1.45886
16.8781 1.4604
16.8859 1.46191
16.8937 1.46339
16.9015 1.46485
16.9094 1.46627
16.9172 1.46767
16.925 1.46904
16.9328 1.47038
16.9407 1.47169
16.9485 1.47298
16.9563 1.47423
16.9641 1.47546
16.972 1.47665
16.9798 1.47782
16.9876 1.47896
16.9955 1.48007
17.0033 1.48115
17.0111 1.4822
17.019 1.48322
17.0268 1.48422
17.0347 1.48518
17.0425 1.48611
17.0503 1.48701
17.0582 1.48789
17.066 1.48873
17.0739 1.48954
17.0817 1.49032
17.0895 1.49108
17.0974 1.4918
17.1052 1.49249
17.1131 1.49315
17.1209 1.49379
17.1288 1.49439
17.1366 1.49496
17.1445 1.4955
17.1523 1.49601
17.1602 1.49649
17.168 1.49694
17.1759 1.49736
17.1837 1.49774
17.1916 1.4981
17.1994 1.49843
17.2073 1.49872
17.2151 1.49899
17.223 1.49922
17.2308 1.49943
17.2387 1.4996
17.2465 1.49974
17.2544 1.49985
17.2622 1.49993
17.2701 1.49998
17.2779 1.5
17.2858 1.49999
17.2936 1.49994
17.3015 1.49987
17.3093 1.49977
17.3172 1.49963
17.3251 1.49946
17.3329 1.49927
17.3408 1.49904
17.3486 1.49878
17.3565 1.49849
17.3643 1.49817
17.3722 1.49782
17.38 1.49744
17.3879 1.49703
17.3957 1.49658
17.4036 1.49611
17.4114 1.49561
17.4193 1.49507
17.4271 1.49451
17.435 1.49391
17.4428 1.49329
17.4507 1.49263
17.4585 1.49195
17.4663 1.49123
17.4742 1.49048
17.482 1.48971
17.4899 1.4889
17.4977 1.48806
17.5056 1.48719
17.5134 1.4863
17.5212 1.48537
17.5291 1.48442
17.5369 1.48343
17.5448 1.48241
17.5526 1.48137
17.5604 1.48029
17.5683 1.47919
17.5761 1.47806
17.5839 1.4769
17.5918 1.4757
17.5996 1.47448
17.6074 1.47323
17.6153 1.47196
17.6231 1.47065
17.6309 1.46931
17.6388 1.46795
17.6466 1.46656
17.6544 1.46513
17.6622 1.46369
17.6701 1.46221
17.6779 1.4607
17.6857 1.45917
17.6935 1.45761
17.7013 1.45602
17.7091 1.4544
17.717 1.45276
17.7248 1.45109
17.7326 1.44939
17.7404 1.44766
17.7482 1.44591
17.756 1.44413
17.7638 1.44232
17.7716 1.44049
17.7794 1.43863
17.7872 1.43675
17.795 1.43483
17.8028 1.4329
17.8106 1.43093
17.8184 1.42894
17.8262 1.42693
17.834 1.42489
17.8418 1.42282
17.8496 1.42073
17.8574 1.41861
17.8651 1.41647
17.8729 1.41431
17.8807 1.41212
17.8885 1.4099
17.8963 1.40766
17.904 1.4054
17.9118 1.40312
17.9196 1.4008
17.9273 1.39847
17.9351 1.39611
17.9429 1.39373
17.9506 1.39133
17.9584 1.3889
17.9661 1.38645
17.9739 1.38398
17.9817 1.38149
17.9894 1.37897
17.9972 1.37643
18.0049 1.37387
18.0126 1.37129
18.0204 1.36868
18.0281 1.36606
18.0359 1.36341
18.0436 1.36075
18.0513 1.35806
18.0591 1.35535
18.0668 1.35262
18.0745 1.34987
18.0822 1.34711
18.09 1.34432
18.0977 1.34151
18.1054 1.33868
18.1131 1.33583
18.1208 1.33297
18.1285 1.33008
18.1362 1.32718
18.1439 1.32426
18.1516 1.32132
18.1593 1.31836
18.167 1.31539
18.1747 1.3124
18.1824 1.30939
18.1901 1.30636
18.1977 1.30331
18.2054 1.30025
18.2131 1.29717
18.2208 1.29408
18.2284 1.29097
18.2361 1.28785
18.2438 1.2847
18.2514 1.28155
18.2591 1.27837
18.2667 1.27519
18.2744 1.27198
18.282 1.26877
18.2897 1.26554
18.2973 1.26229
18.305 1.25903
18.3126 1.25576
18.3202 1.25247
18.3279 1.24917
18.3355 1.24586
18.3431 1.24253
18.3507 1.23919
18.3584 1.23584
18.366 1.23248
18.3736 1.22911
18.3812 1.22572
18.3888 1.22232
18.3964 1.21891
18.404 1.21549
18.4116 1.21206
18.4192 1.20862
18.4267 1.20516
18.4343 1.2017
18.4419 1.19823
18.4495 1.19474
18.4571 1.19125
18.4646 1.18775
18.4722 1.18424
18.4797 1.18072
18.4873 1.17719
18.4949 1.17366
18.5024 1.17011
18.5099 1.16656
18.5175 1.163
18.525 1.15943
18.5326 1.15586
18.5401 1.15228
18.5476 1.14869
18.5551 1.14509
18.5627 1.14149
18.5702 1.13788
18.5777 1.13427
18.5852 1.13065
18.5927 1.12702
18.6002 1.12339
18.6077 1.11976
18.6152 1.11612
18.6227 1.11248
18.6301 1.10883
18.6376 1.10517
18.6451 1.10152
18.6526 1.09786
18.66 1.09419
18.6675 1.09053
18.675 1.08686
18.6824 1.08318
18.6899 1.07951
18.6973 1.07583
18.7048 1.07215
18.7122 1.06847
18.7196 1.06478
18.727 1.0611
18.7345 1.05741
18.7419 1.05373
18.7493 1.05004
18.7567 1.04635
18.7641 1.04266
18.7715 1.03897
18.7789 1.03528
18.7863 1.03159
18.7937 1.02791
18.8011 1.02422
18.8085 1.02053
18.8159 1.01685
18.8232 1.01316
18.8306 1.00948
18.838 1.0058
18.8453 1.00212
18.8527 0.998442
18.86 0.994768
18.8674 0.991096
18.8747 0.987427
18.882 0.98376
18.8894 0.980097
18.8967 0.976438
18.904 0.972782
18.9113 0.969129
18.9186 0.965481
18.926 0.961837
18.9333 0.958197
18.9406 0.954562
18.9479 0.950931
18.9551 0.947306
18.9624 0.943686
18.9697 0.940071
18.977 0.936461
18.9842 0.932858
18.9915 0.92926
18.9988 0.925668
19.006 0.922083
19.0133 0.918504
19.0205 0.914932
19.0278 0.911367
19.035 0.907808
19.0422 0.904257
19.0495 0.900714
19.0567 0.897178
19.0639 0.893649
19.0711 0.890129
19.0783 0.886617
19.0855 0.883113
19.0927 0.879617
19.0999 0.876131
19.1071 0.872653
19.1143 0.869184
19.1214 0.865724
19.1286 0.862273
19.1358 0.858832
19.1429 0.855401
19.1501 0.851979
19.1573 0.848568
19.1644 0.845166
19.1715 0.841775
19.1787 0.838395
19.1858 0.835025
19.1929 0.831665
19.2001 0.828317
19.2072 0.82498
19.2143 0.821654
19.2214 0.81834
19.2285 0.815037
19.2356 0.811745
19.2427 0.808466
19.2498 0.805199
19.2568 0.801943
19.2639 0.7987
19.271 0.79547
19.278 0.792252
19.2851 0.789047
19.2922 0.785854
19.2992 0.782675
19.3062 0.779509
19.3133 0.776355
19.3203 0.773216
19.3273 0.77009
19.3344 0.766977
19.3414 0.763879
19.3484 0.760794
19.3554 0.757723
19.3624 0.754667
19.3694 0.751625
19.3764 0.748597
19.3834 0.745584
19.3904 0.742585
19.3973 0.739601
19.4043 0.736632
19.4113 0.733679
19.4182 0.73074
19.4252 0.727816
19.4321 0.724908
19.4391 0.722015
19.446 0.719138
19.453 0.716277
19.4599 0.713431
19.4668 0.710601
19.4737 0.707788
19.4806 0.70499
19.4875 0.702209
19.4944 0.699443
19.5013 0.696695
19.5082 0.693962
19.5151 0.691247
19.522 0.688548
19.5289 0.685865
19.5358 0.6832
19.5426 0.680552
19.5495 0.67792
19.5563 0.675306
19.5632 0.672709
19.57 0.670129
19.5769 0.667567
19.5837 0.665022
19.5905 0.662495
19.5974 0.659985
19.6042 0.657494
19.611 0.655019
19.6178 0.652563
19.6246 0.650125
19.6314 0.647705
19.6382 0.645302
19.645 0.642918
19.6518 0.640552
19.6585 0.638205
19.6653 0.635876
19.6721 0.633565
19.6789 0.631273
19.6856 0.628999
19.6924 0.626744
19.6991 0.624507
19.7059 0.62229
19.7126 0.620091
19.7193 0.617911
19.7261 0.61575
19.7328 0.613607
19.7395 0.611484
19.7462 0.60938
19.7529 0.607295
19.7596 0.605229
19.7663 0.603183
19.773 0.601155
19.7797 0.599147
19.7864 0.597159
19.7931 0.595189
19.7997 0.59324
19.8064 0.591309
19.8131 0.589398
19.8197 0.587507
19.8264 0.585636
19.833 0.583784
19.8397 0.581951
19.8463 0.580139
19.853 0.578346
19.8596 0.576573
19.8662 0.574819
19.8729 0.573086
19.8795 0.571373
19.8861 0.569679
19.8927 0.568005
19.8993 0.566352
19.9059 0.564718
19.9125 0.563104
19.9191 0.561511
19.9257 0.559937
19.9323 0.558384
19.9388 0.556851
19.9454 0.555337
19.952 0.553844
19.9586 0.552372
19.9651 0.550919
19.9717 0.549487
19.9782 0.548075
19.9848 0.546683
19.9913 0.545311
19.9979 0.54396
20 0.543528
