0 1
0.00782402 0.996088
0.015382 0.99231
0.0228396 0.988584
0.0302567 0.984878
0.0376557 0.981184
0.0450449 0.977495
0.0524274 0.973812
0.0598043 0.970133
0.0671761 0.966459
0.0745429 0.96279
0.0819048 0.959126
0.0892618 0.955467
0.0966139 0.951813
0.103961 0.948165
0.111303 0.944523
0.11864 0.940886
0.125973 0.937256
0.1333 0.933632
0.140623 0.930014
0.14794 0.926404
0.155252 0.922799
0.16256 0.919202
0.169862 0.915613
0.177159 0.91203
0.184452 0.908456
0.191739 0.904889
0.199021 0.90133
0.206299 0.897779
0.213571 0.894236
0.220838 0.890702
0.2281 0.887176
0.235357 0.88366
0.242608 0.880152
0.249855 0.876654
0.257097 0.873165
0.264333 0.869685
0.271564 0.866215
0.278791 0.862755
0.286012 0.859305
0.293228 0.855865
0.300438 0.852435
0.307644 0.849016
0.314844 0.845608
0.322039 0.84221
0.329229 0.838824
0.336414 0.835448
0.343593 0.832084
0.350768 0.828732
0.357937 0.82539
0.365101 0.822061
0.372259 0.818744
0.379413 0.815438
0.386561 0.812145
0.393704 0.808864
0.400842 0.805596
0.407974 0.80234
0.415101 0.799097
0.422223 0.795867
0.42934 0.79265
0.436451 0.789446
0.443557 0.786256
0.450658 0.783079
0.457753 0.779915
0.464843 0.776766
0.471928 0.77363
0.479008 0.770508
0.486082 0.7674
0.493151 0.764307
0.500214 0.761228
0.507272 0.758163
0.514325 0.755113
0.521373 0.752078
0.528415 0.749058
0.535452 0.746053
0.542484 0.743063
0.54951 0.740088
0.556531 0.737128
0.563547 0.734184
0.570557 0.731255
0.577562 0.728343
0.584562 0.725445
0.591556 0.722564
0.598545 0.719699
0.605529 0.71685
0.612507 0.714017
0.61948 0.711201
0.626448 0.708401
0.63341 0.705617
0.640367 0.70285
0.647319 0.7001
0.654265 0.697366
0.661206 0.69465
0.668142 0.69195
0.675073 0.689268
0.681998 0.686603
0.688918 0.683955
0.695832 0.681324
0.702742 0.678711
0.709646 0.676115
0.716544 0.673537
0.723438 0.670977
0.730326 0.668435
0.737209 0.66591
0.744087 0.663403
0.750959 0.660915
0.757827 0.658444
0.764689 0.655992
0.771545 0.653558
0.778397 0.651142
0.785243 0.648744
0.792085 0.646365
0.798921 0.644005
0.805752 0.641663
0.812577 0.63934
0.819398 0.637035
0.826213 0.63475
0.833024 0.632483
0.839829 0.630235
0.846629 0.628006
0.853424 0.625796
0.860214 0.623605
0.866999 0.621434
0.873779 0.619281
0.880554 0.617148
0.887324 0.615034
0.894089 0.612939
0.900849 0.610864
0.907604 0.608808
0.914354 0.606772
0.921099 0.604755
0.92784 0.602758
0.934575 0.600781
0.941306 0.598823
0.948032 0.596885
0.954753 0.594966
0.961469 0.593068
0.96818 0.591189
0.974887 0.58933
0.981589 0.587492
0.988286 0.585673
0.994979 0.583874
1.00167 0.582095
1.00835 0.580336
1.01503 0.578597
1.0217 0.576878
1.02837 0.57518
1.03504 0.573501
1.0417 0.571843
1.04836 0.570205
1.05501 0.568588
1.06166 0.56699
1.0683 0.565413
1.07494 0.563856
1.08157 0.56232
1.0882 0.560804
1.09483 0.559308
1.10145 0.557833
1.10807 0.556378
1.11468 0.554944
1.12129 0.55353
1.1279 0.552136
1.1345 0.550763
1.1411 0.549411
1.14769 0.548079
1.15428 0.546768
1.16087 0.545477
1.16745 0.544207
1.17403 0.542957
1.1806 0.541728
1.18717 0.54052
1.19374 0.539332
1.2003 0.538165
1.20686 0.537018
1.21342 0.535892
1.21997 0.534787
1.22652 0.533702
1.23307 0.532638
1.23961 0.531595
1.24615 0.530572
1.25269 0.52957
1.25923 0.528589
1.26576 0.527629
1.27228 0.526689
1.27881 0.52577
1.28533 0.524871
1.29185 0.523994
1.29837 0.523137
1.30488 0.5223
1.31139 0.521485
1.3179 0.52069
1.3244 0.519916
1.33091 0.519162
1.33741 0.51843
1.3439 0.517718
1.3504 0.517027
1.35689 0.516356
1.36338 0.515706
1.36987 0.515077
1.37636 0.514469
1.38284 0.513881
1.38933 0.513314
1.39581 0.512768
1.40229 0.512243
1.40876 0.511738
1.41524 0.511254
1.42171 0.510791
1.42818 0.510348
1.43465 0.509926
1.44112 0.509525
1.44759 0.509145
1.45406 0.508785
1.46052 0.508446
1.46699 0.508128
1.47345 0.50783
1.47991 0.507553
1.48637 0.507297
1.49283 0.507062
1.49929 0.506847
1.50575 0.506653
1.51221 0.50648
1.51866 0.506327
1.52512 0.506195
1.53158 0.506084
1.53803 0.505993
1.54449 0.505923
1.55094 0.505874
1.5574 0.505846
1.56385 0.505838
1.5703 0.505851
1.57676 0.505885
1.58321 0.505939
1.58967 0.506014
1.59612 0.50611
1.60258 0.506226
1.60903 0.506363
1.61549 0.506521
1.62194 0.506699
1.6284 0.506898
1.63486 0.507118
1.64132 0.507359
1.64778 0.50762
1.65424 0.507902
1.6607 0.508204
1.66716 0.508528
1.67362 0.508871
1.68008 0.509236
1.68655 0.509621
1.69302 0.510027
1.69948 0.510454
1.70595 0.510901
1.71242 0.51137
1.7189 0.511858
1.72537 0.512368
1.73185 0.512898
1.73832 0.513449
1.7448 0.51402
1.75128 0.514612
1.75776 0.515225
1.76425 0.515859
1.77074 0.516513
1.77723 0.517188
1.78372 0.517883
1.79021 0.5186
1.79671 0.519337
1.8032 0.520094
1.8097 0.520872
1.81621 0.521671
1.82271 0.522491
1.82922 0.523331
1.83573 0.524192
1.84224 0.525074
1.84876 0.525976
1.85528 0.526899
1.8618 0.527842
1.86833 0.528807
1.87485 0.529791
1.88138 0.530797
1.88792 0.531823
1.89446 0.53287
1.901 0.533937
1.90754 0.535025
1.91409 0.536133
1.92064 0.537262
1.92719 0.538412
1.93375 0.539582
1.94031 0.540773
1.94687 0.541984
1.95344 0.543216
1.96001 0.544468
1.96658 0.545741
1.97316 0.547035
1.97974 0.548348
1.98633 0.549683
1.99292 0.551038
1.99951 0.552413
2.00611 0.553808
2.01271 0.555225
2.01932 0.556661
2.02593 0.558118
2.03254 0.559595
2.03916 0.561093
2.04578 0.56261
2.05241 0.564148
2.05904 0.565707
2.06567 0.567286
2.07231 0.568884
2.07895 0.570503
2.0856 0.572143
2.09225 0.573802
2.09891 0.575482
2.10557 0.577181
2.11224 0.578901
2.11891 0.580641
2.12558 0.5824
2.13226 0.58418
2.13894 0.58598
2.14563 0.587799
2.15232 0.589639
2.15902 0.591498
2.16572 0.593377
2.17243 0.595276
2.17914 0.597194
2.18585 0.599132
2.19258 0.60109
2.1993 0.603068
2.20603 0.605065
2.21277 0.607081
2.21951 0.609117
2.22625 0.611172
2.233 0.613247
2.23976 0.615341
2.24652 0.617455
2.25328 0.619587
2.26005 0.621739
2.26683 0.62391
2.2736 0.6261
2.28039 0.628309
2.28718 0.630536
2.29397 0.632783
2.30077 0.635049
2.30758 0.637333
2.31439 0.639636
2.3212 0.641958
2.32802 0.644298
2.33485 0.646657
2.34168 0.649034
2.34852 0.65143
2.35536 0.653844
2.3622 0.656276
2.36905 0.658727
2.37591 0.661195
2.38277 0.663682
2.38964 0.666186
2.39651 0.668709
2.40339 0.671249
2.41027 0.673807
2.41716 0.676382
2.42405 0.678975
2.43095 0.681586
2.43785 0.684214
2.44476 0.686859
2.45168 0.689521
2.4586 0.692201
2.46552 0.694897
2.47245 0.697611
2.47938 0.700341
2.48633 0.703088
2.49327 0.705852
2.50022 0.708632
2.50718 0.711429
2.51414 0.714242
2.52111 0.717072
2.52808 0.719917
2.53506 0.722779
2.54204 0.725656
2.54903 0.72855
2.55602 0.731459
2.56302 0.734384
2.57003 0.737324
2.57704 0.74028
2.58405 0.74325
2.59107 0.746237
2.5981 0.749238
2.60513 0.752254
2.61216 0.755285
2.61921 0.758331
2.62625 0.761391
2.6333 0.764466
2.64036 0.767555
2.64743 0.770658
2.65449 0.773775
2.66157 0.776907
2.66865 0.780052
2.67573 0.78321
2.68282 0.786383
2.68991 0.789569
2.69701 0.792768
2.70412 0.79598
2.71123 0.799205
2.71835 0.802443
2.72547 0.805694
2.73259 0.808958
2.73972 0.812234
2.74686 0.815522
2.754 0.818822
2.76115 0.822135
2.7683 0.825459
2.77546 0.828795
2.78262 0.832143
2.78979 0.835502
2.79697 0.838872
2.80414 0.842253
2.81133 0.845645
2.81852 0.849049
2.82571 0.852462
2.83291 0.855887
2.84011 0.859321
2.84732 0.862766
2.85454 0.866221
2.86176 0.869685
2.86898 0.873159
2.87621 0.876643
2.88345 0.880136
2.89069 0.883638
2.89794 0.887149
2.90519 0.890669
2.91244 0.894198
2.9197 0.897735
2.92697 0.90128
2.93424 0.904834
2.94152 0.908395
2.9488 0.911964
2.95608 0.915541
2.96338 0.919125
2.97067 0.922717
2.97797 0.926315
2.98528 0.92992
2.99259 0.933532
2.99991 0.937151
3.00723 0.940776
3.01455 0.944406
3.02189 0.948043
3.02922 0.951686
3.03656 0.955334
3.04391 0.958987
3.05126 0.962646
3.05861 0.966309
3.06598 0.969977
3.07334 0.97365
3.08071 0.977327
3.08809 0.981009
3.09547 0.984694
3.10285 0.988383
3.11024 0.992076
3.11764 0.995772
3.12504 0.999471
3.13244 1.00317
3.13985 1.00688
3.14726 1.01059
3.15468 1.0143
3.1621 1.01801
3.16953 1.02172
3.17696 1.02544
3.1844 1.02916
3.19184 1.03287
3.19929 1.03659
3.20674 1.04031
3.2142 1.04404
3.22166 1.04776
3.22912 1.05148
3.23659 1.0552
3.24407 1.05892
3.25155 1.06265
3.25903 1.06637
3.26652 1.07009
3.27401 1.07381
3.28151 1.07752
3.28901 1.08124
3.29652 1.08496
3.30403 1.08867
3.31155 1.09238
3.31907 1.09609
3.32659 1.09979
3.33412 1.1035
3.34166 1.1072
3.34919 1.11089
3.35674 1.11459
3.36428 1.11828
3.37183 1.12196
3.37939 1.12565
3.38695 1.12932
3.39451 1.133
3.40208 1.13666
3.40966 1.14033
3.41723 1.14399
3.42482 1.14764
3.4324 1.15129
3.43999 1.15493
3.44759 1.15856
3.45519 1.16219
3.46279 1.16581
3.4704 1.16943
3.47801 1.17304
3.48563 1.17664
3.49325 1.18023
3.50087 1.18382
3.5085 1.1874
3.51613 1.19097
3.52377 1.19453
3.53141 1.19808
3.53905 1.20162
3.5467 1.20516
3.55436 1.20868
3.56201 1.2122
3.56968 1.21571
3.57734 1.2192
3.58501 1.22269
3.59268 1.22617
3.60036 1.22963
3.60804 1.23309
3.61573 1.23653
3.62342 1.23996
3.63111 1.24338
3.63881 1.24679
3.64651 1.25019
3.65421 1.25357
3.66192 1.25695
3.66963 1.2603
3.67735 1.26365
3.68507 1.26698
3.6928 1.27031
3.70052 1.27361
3.70826 1.2769
3.71599 1.28018
3.72373 1.28345
3.73147 1.2867
3.73922 1.28993
3.74697 1.29316
3.75472 1.29636
3.76248 1.29955
3.77024 1.30273
3.77801 1.30588
3.78578 1.30903
3.79355 1.31215
3.80132 1.31527
3.8091 1.31836
3.81688 1.32144
3.82467 1.3245
3.83246 1.32754
3.84025 1.33056
3.84805 1.33357
3.85585 1.33656
3.86365 1.33953
3.87146 1.34249
3.87927 1.34542
3.88708 1.34834
3.8949 1.35124
3.90272 1.35411
3.91054 1.35697
3.91837 1.35981
3.9262 1.36263
3.93403 1.36543
3.94187 1.36821
3.94971 1.37097
3.95755 1.37371
3.9654 1.37642
3.97325 1.37912
3.9811 1.3818
3.98895 1.38445
3.99681 1.38708
4.00467 1.3897
4.01254 1.39228
4.0204 1.39485
4.02827 1.3974
4.03615 1.39992
4.04402 1.40242
4.0519 1.4049
4.05978 1.40735
4.06767 1.40978
4.07555 1.41219
4.08344 1.41457
4.09134 1.41693
4.09923 1.41927
4.10713 1.42158
4.11503 1.42387
4.12293 1.42613
4.13084 1.42837
4.13875 1.43058
4.14666 1.43277
4.15457 1.43493
4.16249 1.43707
4.17041 1.43919
4.17833 1.44127
4.18625 1.44333
4.19418 1.44537
4.20211 1.44738
4.21004 1.44936
4.21797 1.45132
4.22591 1.45325
4.23384 1.45515
4.24178 1.45703
4.24972 1.45888
4.25767 1.4607
4.26562 1.4625
4.27356 1.46427
4.28151 1.46601
4.28947 1.46772
4.29742 1.46941
4.30538 1.47107
4.31334 1.4727
4.3213 1.4743
4.32926 1.47587
4.33722 1.47741
4.34519 1.47893
4.35316 1.48042
4.36113 1.48188
4.3691 1.48331
4.37707 1.48471
4.38505 1.48608
4.39302 1.48742
4.401 1.48873
4.40898 1.49002
4.41696 1.49127
4.42494 1.49249
4.43293 1.49369
4.44091 1.49485
4.4489 1.49599
4.45689 1.49709
4.46488 1.49817
4.47287 1.49921
4.48086 1.50022
4.48885 1.50121
4.49685 1.50216
4.50484 1.50308
4.51284 1.50398
4.52084 1.50484
4.52884 1.50567
4.53684 1.50647
4.54484 1.50724
4.55284 1.50798
4.56084 1.50868
4.56885 1.50936
4.57685 1.51
4.58486 1.51062
4.59286 1.5112
4.60087 1.51175
4.60888 1.51227
4.61689 1.51276
4.62489 1.51322
4.6329 1.51364
4.64091 1.51404
4.64892 1.5144
4.65693 1.51473
4.66495 1.51503
4.67296 1.5153
4.68097 1.51554
4.68898 1.51574
4.69699 1.51592
4.70501 1.51606
4.71302 1.51617
4.72103 1.51625
4.72905 1.51629
4.73706 1.51631
4.74507 1.51629
4.75309 1.51624
4.7611 1.51616
4.76911 1.51605
4.77713 1.51591
4.78514 1.51574
4.79315 1.51553
4.80116 1.51529
4.80918 1.51502
4.81719 1.51472
4.8252 1.51439
4.83321 1.51402
4.84122 1.51363
4.84923 1.5132
4.85724 1.51274
4.86525 1.51225
4.87326 1.51173
4.88127 1.51118
4.88928 1.51059
4.89729 1.50998
4.90529 1.50933
4.9133 1.50865
4.9213 1.50794
4.92931 1.50721
4.93731 1.50643
4.94531 1.50563
4.95331 1.5048
4.96132 1.50394
4.96931 1.50304
4.97731 1.50212
4.98531 1.50116
4.99331 1.50018
5.0013 1.49916
5.0093 1.49812
5.01729 1.49704
5.02528 1.49593
5.03327 1.4948
5.04126 1.49363
5.04925 1.49243
5.05723 1.49121
5.06522 1.48995
5.0732 1.48867
5.08118 1.48735
5.08917 1.48601
5.09714 1.48463
5.10512 1.48323
5.1131 1.4818
5.12107 1.48034
5.12904 1.47885
5.13701 1.47733
5.14498 1.47578
5.15295 1.47421
5.16092 1.4726
5.16888 1.47097
5.17684 1.46931
5.1848 1.46762
5.19276 1.46591
5.20071 1.46416
5.20867 1.46239
5.21662 1.46059
5.22457 1.45877
5.23252 1.45691
5.24046 1.45503
5.2484 1.45313
5.25635 1.45119
5.26428 1.44923
5.27222 1.44725
5.28016 1.44523
5.28809 1.44319
5.29602 1.44113
5.30394 1.43904
5.31187 1.43692
5.31979 1.43478
5.32771 1.43261
5.33563 1.43042
5.34354 1.4282
5.35146 1.42596
5.35937 1.42369
5.36727 1.4214
5.37518 1.41909
5.38308 1.41675
5.39098 1.41438
5.39888 1.412
5.40677 1.40958
5.41466 1.40715
5.42255 1.40469
5.43044 1.40221
5.43832 1.39971
5.4462 1.39718
5.45408 1.39463
5.46195 1.39206
5.46982 1.38947
5.47769 1.38685
5.48555 1.38421
5.49342 1.38155
5.50128 1.37887
5.50913 1.37617
5.51699 1.37345
5.52484 1.37071
5.53268 1.36794
5.54053 1.36516
5.54837 1.36236
5.55621 1.35953
5.56404 1.35669
5.57187 1.35382
5.5797 1.35094
5.58752 1.34804
5.59534 1.34512
5.60316 1.34218
5.61098 1.33922
5.61879 1.33624
5.6266 1.33325
5.6344 1.33023
5.6422 1.3272
5.65 1.32416
5.65779 1.32109
5.66558 1.31801
5.67337 1.31491
5.68116 1.31179
5.68894 1.30866
5.69671 1.30551
5.70449 1.30235
5.71226 1.29917
5.72002 1.29597
5.72778 1.29276
5.73554 1.28953
5.7433 1.28629
5.75105 1.28304
5.7588 1.27977
5.76654 1.27648
5.77428 1.27318
5.78202 1.26987
5.78975 1.26654
5.79748 1.26321
5.8052 1.25985
5.81293 1.25649
5.82064 1.25311
5.82836 1.24972
5.83607 1.24632
5.84377 1.2429
5.85147 1.23948
5.85917 1.23604
5.86687 1.23259
5.87456 1.22913
5.88224 1.22566
5.88993 1.22218
5.8976 1.21868
5.90528 1.21518
5.91295 1.21167
5.92061 1.20815
5.92828 1.20461
5.93593 1.20107
5.94359 1.19752
5.95124 1.19396
5.95888 1.1904
5.96653 1.18682
5.97416 1.18324
5.9818 1.17965
5.98943 1.17605
5.99705 1.17244
6.00467 1.16883
6.01229 1.1652
6.0199 1.16158
6.02751 1.15794
6.03511 1.1543
6.04271 1.15065
6.05031 1.147
6.0579 1.14334
6.06549 1.13968
6.07307 1.13601
6.08065 1.13234
6.08822 1.12866
6.09579 1.12497
6.10335 1.12129
6.11092 1.11759
6.11847 1.1139
6.12602 1.1102
6.13357 1.1065
6.14111 1.10279
6.14865 1.09908
6.15619 1.09537
6.16372 1.09166
6.17124 1.08794
6.17876 1.08422
6.18628 1.0805
6.19379 1.07678
6.2013 1.07306
6.2088 1.06933
6.2163 1.06561
6.22379 1.06188
6.23128 1.05815
6.23876 1.05443
6.24624 1.0507
6.25372 1.04697
6.26119 1.04324
6.26865 1.03952
6.27611 1.03579
6.28357 1.03207
6.29102 1.02834
6.29847 1.02462
6.30591 1.0209
6.31335 1.01718
6.32078 1.01346
6.32821 1.00975
6.33563 1.00604
6.34305 1.00233
6.35046 0.998621
6.35787 0.994917
6.36528 0.991217
6.37268 0.987519
6.38007 0.983826
6.38746 0.980136
6.39485 0.97645
6.40223 0.972769
6.4096 0.969091
6.41697 0.965419
6.42434 0.961751
6.4317 0.958088
6.43905 0.954431
6.4464 0.950779
6.45375 0.947132
6.46109 0.943492
6.46843 0.939857
6.47576 0.936228
6.48308 0.932606
6.4904 0.92899
6.49772 0.925381
6.50503 0.921779
6.51234 0.918184
6.51964 0.914597
6.52693 0.911016
6.53422 0.907444
6.54151 0.903879
6.54879 0.900322
6.55607 0.896774
6.56334 0.893234
6.5706 0.889702
6.57786 0.886179
6.58512 0.882665
6.59237 0.87916
6.59962 0.875664
6.60686 0.872177
6.61409 0.868701
6.62132 0.865233
6.62854 0.861776
6.63576 0.858329
6.64298 0.854892
6.65019 0.851465
6.65739 0.848049
6.66459 0.844644
6.67178 0.84125
6.67897 0.837866
6.68616 0.834494
6.69333 0.831133
6.70051 0.827783
6.70767 0.824446
6.71484 0.82112
6.72199 0.817806
6.72915 0.814504
6.73629 0.811214
6.74343 0.807937
6.75057 0.804672
6.7577 0.80142
6.76483 0.79818
6.77195 0.794954
6.77906 0.791741
6.78617 0.788541
6.79328 0.785354
6.80038 0.782181
6.80747 0.779021
6.81456 0.775876
6.82164 0.772744
6.82872 0.769626
6.83579 0.766522
6.84286 0.763433
6.84992 0.760358
6.85698 0.757298
6.86403 0.754252
6.87108 0.751221
6.87812 0.748205
6.88515 0.745204
6.89218 0.742218
6.89921 0.739247
6.90623 0.736292
6.91324 0.733352
6.92025 0.730428
6.92725 0.72752
6.93425 0.724627
6.94124 0.721751
6.94823 0.71889
6.95521 0.716046
6.96219 0.713217
6.96916 0.710405
6.97613 0.70761
6.98309 0.704831
6.99004 0.702069
6.997 0.699323
7.00394 0.696595
7.01088 0.693883
7.01781 0.691188
7.02474 0.688511
7.03167 0.68585
7.03858 0.683207
7.0455 0.680582
7.05241 0.677974
7.05931 0.675383
7.06621 0.67281
7.0731 0.670255
7.07998 0.667717
7.08687 0.665198
7.09374 0.662696
7.10061 0.660213
7.10748 0.657747
7.11434 0.6553
7.12119 0.652871
7.12804 0.65046
7.13489 0.648068
7.14173 0.645695
7.14856 0.643339
7.15539 0.641003
7.16222 0.638685
7.16904 0.636386
7.17585 0.634105
7.18266 0.631844
7.18946 0.629601
7.19626 0.627378
7.20306 0.625173
7.20984 0.622988
7.21663 0.620822
7.22341 0.618674
7.23018 0.616547
7.23695 0.614438
7.24371 0.612349
7.25047 0.610279
7.25722 0.608229
7.26397 0.606198
7.27072 0.604187
7.27746 0.602196
7.28419 0.600224
7.29092 0.598272
7.29764 0.596339
7.30436 0.594426
7.31108 0.592533
7.31779 0.59066
7.32449 0.588807
7.33119 0.586974
7.33789 0.585161
7.34458 0.583367
7.35127 0.581594
7.35795 0.579841
7.36463 0.578108
7.3713 0.576395
7.37797 0.574702
7.38463 0.573029
7.39129 0.571377
7.39795 0.569745
7.4046 0.568133
7.41125 0.566541
7.41789 0.56497
7.42453 0.563419
7.43116 0.561888
7.43779 0.560378
7.44441 0.558888
7.45103 0.557418
7.45765 0.555969
7.46426 0.554541
7.47087 0.553133
7.47748 0.551745
7.48408 0.550378
7.49067 0.549031
7.49727 0.547705
7.50385 0.5464
7.51044 0.545115
7.51702 0.54385
7.5236 0.542607
7.53017 0.541383
7.53674 0.540181
7.54331 0.538999
7.54987 0.537838
7.55643 0.536697
7.56299 0.535577
7.56954 0.534477
7.57609 0.533399
7.58263 0.532341
7.58918 0.531303
7.59571 0.530286
7.60225 0.52929
7.60878 0.528315
7.61531 0.52736
7.62184 0.526426
7.62836 0.525513
7.63489 0.524621
7.6414 0.523749
7.64792 0.522898
7.65443 0.522067
7.66094 0.521258
7.66745 0.520469
7.67395 0.5197
7.68046 0.518953
7.68695 0.518226
7.69345 0.51752
7.69995 0.516835
7.70644 0.51617
7.71293 0.515526
7.71942 0.514903
7.7259 0.5143
7.73239 0.513719
7.73887 0.513158
7.74535 0.512617
7.75183 0.512098
7.75831 0.511599
7.76478 0.511121
7.77125 0.510663
7.77773 0.510227
7.7842 0.509811
7.79066 0.509415
7.79713 0.509041
7.8036 0.508687
7.81006 0.508354
7.81653 0.508041
7.82299 0.50775
7.82945 0.507479
7.83591 0.507228
7.84237 0.506999
7.84883 0.50679
7.85529 0.506602
7.86174 0.506434
7.8682 0.506288
7.87466 0.506162
7.88111 0.506056
7.88757 0.505971
7.89402 0.505907
7.90048 0.505864
7.90693 0.505842
7.91339 0.50584
7.91984 0.505858
7.92629 0.505898
7.93275 0.505958
7.9392 0.506039
7.94566 0.506141
7.95211 0.506263
7.95857 0.506406
7.96502 0.506569
7.97148 0.506754
7.97794 0.506959
7.9844 0.507184
7.99085 0.507431
7.99731 0.507698
8.00377 0.507985
8.01023 0.508294
8.0167 0.508623
8.02316 0.508973
8.02962 0.509343
8.03609 0.509734
8.04256 0.510146
8.04902 0.510579
8.05549 0.511032
8.06197 0.511506
8.06844 0.512001
8.07491 0.512516
8.08139 0.513052
8.08787 0.513609
8.09434 0.514186
8.10083 0.514784
8.10731 0.515403
8.11379 0.516042
8.12028 0.516702
8.12677 0.517383
8.13326 0.518084
8.13976 0.518806
8.14625 0.519549
8.15275 0.520313
8.15925 0.521097
8.16576 0.521902
8.17226 0.522727
8.17877 0.523573
8.18528 0.52444
8.1918 0.525327
8.19831 0.526236
8.20483 0.527164
8.21136 0.528114
8.21788 0.529084
8.22441 0.530074
8.23094 0.531086
8.23748 0.532117
8.24402 0.53317
8.25056 0.534243
8.2571 0.535337
8.26365 0.536451
8.2702 0.537586
8.27675 0.538741
8.28331 0.539918
8.28987 0.541114
8.29644 0.542331
8.30301 0.543569
8.30958 0.544827
8.31615 0.546106
8.32273 0.547405
8.32932 0.548725
8.3359 0.550065
8.3425 0.551425
8.34909 0.552806
8.35569 0.554208
8.36229 0.55563
8.3689 0.557072
8.37551 0.558534
8.38212 0.560017
8.38874 0.561521
8.39537 0.563044
8.40199 0.564588
8.40862 0.566152
8.41526 0.567737
8.4219 0.569341
8.42854 0.570966
8.43519 0.572611
8.44185 0.574276
8.4485 0.575961
8.45517 0.577667
8.46183 0.579392
8.4685 0.581137
8.47518 0.582903
8.48186 0.584688
8.48854 0.586493
8.49523 0.588319
8.50193 0.590164
8.50862 0.592028
8.51533 0.593913
8.52204 0.595817
8.52875 0.597741
8.53547 0.599685
8.54219 0.601649
8.54891 0.603632
8.55565 0.605634
8.56238 0.607656
8.56912 0.609698
8.57587 0.611758
8.58262 0.613839
8.58938 0.615938
8.59614 0.618057
8.60291 0.620195
8.60968 0.622352
8.61645 0.624528
8.62323 0.626724
8.63002 0.628938
8.63681 0.631171
8.64361 0.633423
8.65041 0.635694
8.65722 0.637984
8.66403 0.640292
8.67084 0.642619
8.67767 0.644965
8.68449 0.647329
8.69132 0.649712
8.69816 0.652112
8.705 0.654532
8.71185 0.656969
8.7187 0.659425
8.72556 0.661898
8.73242 0.66439
8.73929 0.666899
8.74617 0.669427
8.75304 0.671972
8.75993 0.674535
8.76682 0.677115
8.77371 0.679713
8.78061 0.682329
8.78752 0.684962
8.79443 0.687612
8.80134 0.690279
8.80826 0.692963
8.81519 0.695665
8.82212 0.698383
8.82906 0.701118
8.836 0.70387
8.84295 0.706638
8.8499 0.709423
8.85686 0.712225
8.86382 0.715042
8.87079 0.717876
8.87776 0.720727
8.88474 0.723593
8.89173 0.726475
8.89872 0.729373
8.90571 0.732286
8.91271 0.735215
8.91972 0.73816
8.92673 0.74112
8.93375 0.744095
8.94077 0.747086
8.9478 0.750091
8.95483 0.753112
8.96187 0.756147
8.96891 0.759197
8.97596 0.762261
8.98301 0.76534
8.99007 0.768433
8.99714 0.77154
9.0042 0.774661
9.01128 0.777797
9.01836 0.780946
9.02545 0.784108
9.03254 0.787284
9.03963 0.790474
9.04673 0.793677
9.05384 0.796893
9.06095 0.800122
9.06807 0.803363
9.07519 0.806618
9.08232 0.809885
9.08945 0.813164
9.09659 0.816456
9.10374 0.81976
9.11088 0.823076
9.11804 0.826403
9.1252 0.829743
9.13236 0.833093
9.13953 0.836456
9.14671 0.839829
9.15389 0.843214
9.16107 0.846609
9.16826 0.850015
9.17546 0.853432
9.18266 0.856859
9.18986 0.860296
9.19708 0.863744
9.20429 0.867201
9.21151 0.870669
9.21874 0.874146
9.22597 0.877632
9.23321 0.881128
9.24045 0.884632
9.2477 0.888146
9.25495 0.891668
9.26221 0.895199
9.26947 0.898739
9.27674 0.902287
9.28401 0.905842
9.29129 0.909406
9.29857 0.912977
9.30586 0.916556
9.31315 0.920142
9.32045 0.923736
9.32775 0.927336
9.33506 0.930943
9.34237 0.934557
9.34969 0.938178
9.35701 0.941804
9.36434 0.945437
9.37167 0.949075
9.37901 0.952719
9.38635 0.956369
9.3937 0.960024
9.40105 0.963683
9.40841 0.967348
9.41577 0.971018
9.42314 0.974692
9.43051 0.97837
9.43788 0.982053
9.44527 0.985739
9.45265 0.98943
9.46004 0.993123
9.46744 0.99682
9.47484 1.00052
9.48225 1.00422
9.48966 1.00793
9.49707 1.01164
9.50449 1.01535
9.51192 1.01906
9.51934 1.02278
9.52678 1.02649
9.53422 1.03021
9.54166 1.03393
9.54911 1.03765
9.55656 1.04137
9.56402 1.04509
9.57148 1.04881
9.57895 1.05253
9.58642 1.05626
9.5939 1.05998
9.60138 1.0637
9.60886 1.06742
9.61635 1.07114
9.62385 1.07486
9.63134 1.07858
9.63885 1.08229
9.64636 1.08601
9.65387 1.08972
9.66139 1.09343
9.66891 1.09714
9.67643 1.10084
9.68396 1.10455
9.6915 1.10825
9.69904 1.11194
9.70658 1.11563
9.71413 1.11932
9.72168 1.12301
9.72924 1.12669
9.7368 1.13036
9.74437 1.13404
9.75194 1.1377
9.75951 1.14137
9.76709 1.14502
9.77467 1.14867
9.78226 1.15232
9.78985 1.15596
9.79745 1.15959
9.80505 1.16322
9.81265 1.16684
9.82026 1.17045
9.82787 1.17406
9.83549 1.17766
9.84311 1.18125
9.85074 1.18483
9.85837 1.18841
9.866 1.19198
9.87364 1.19553
9.88128 1.19909
9.88893 1.20263
9.89658 1.20616
9.90423 1.20968
9.91189 1.2132
9.91955 1.2167
9.92722 1.22019
9.93489 1.22368
9.94257 1.22715
9.95024 1.23061
9.95793 1.23406
9.96561 1.2375
9.9733 1.24093
9.981 1.24435
9.9887 1.24776
9.9964 1.25115
10.0041 1.25453
10.0118 1.2579
10.0195 1.26125
10.0272 1.2646
10.035 1.26793
10.0427 1.27124
10.0504 1.27455
10.0582 1.27784
10.0659 1.28111
10.0736 1.28437
10.0814 1.28762
10.0891 1.29085
10.0969 1.29407
10.1046 1.29727
10.1124 1.30045
10.1201 1.30362
10.1279 1.30678
10.1357 1.30992
10.1435 1.31304
10.1512 1.31614
10.159 1.31923
10.1668 1.32231
10.1746 1.32536
10.1824 1.3284
10.1902 1.33142
10.198 1.33442
10.2058 1.33741
10.2136 1.34037
10.2214 1.34332
10.2292 1.34625
10.237 1.34916
10.2448 1.35205
10.2526 1.35493
10.2605 1.35778
10.2683 1.36061
10.2761 1.36343
10.284 1.36622
10.2918 1.36899
10.2996 1.37175
10.3075 1.37448
10.3153 1.37719
10.3232 1.37988
10.331 1.38255
10.3389 1.3852
10.3467 1.38783
10.3546 1.39043
10.3625 1.39301
10.3703 1.39558
10.3782 1.39811
10.3861 1.40063
10.394 1.40312
10.4018 1.40559
10.4097 1.40804
10.4176 1.41046
10.4255 1.41286
10.4334 1.41524
10.4413 1.41759
10.4492 1.41992
10.4571 1.42223
10.465 1.42451
10.4729 1.42677
10.4808 1.429
10.4887 1.4312
10.4966 1.43339
10.5045 1.43554
10.5124 1.43767
10.5204 1.43978
10.5283 1.44186
10.5362 1.44391
10.5441 1.44594
10.5521 1.44794
10.56 1.44992
10.5679 1.45187
10.5759 1.45379
10.5838 1.45569
10.5917 1.45756
10.5997 1.4594
10.6076 1.46122
10.6156 1.463
10.6235 1.46477
10.6315 1.4665
10.6394 1.4682
10.6474 1.46988
10.6553 1.47153
10.6633 1.47315
10.6713 1.47475
10.6792 1.47631
10.6872 1.47785
10.6952 1.47935
10.7031 1.48083
10.7111 1.48228
10.7191 1.4837
10.727 1.4851
10.735 1.48646
10.743 1.48779
10.751 1.4891
10.7589 1.49037
10.7669 1.49162
10.7749 1.49284
10.7829 1.49402
10.7909 1.49518
10.7989 1.4963
10.8069 1.4974
10.8149 1.49847
10.8228 1.4995
10.8308 1.50051
10.8388 1.50148
10.8468 1.50243
10.8548 1.50334
10.8628 1.50422
10.8708 1.50508
10.8788 1.5059
10.8868 1.50669
10.8948 1.50745
10.9028 1.50818
10.9108 1.50888
10.9188 1.50955
10.9268 1.51018
10.9348 1.51079
10.9428 1.51136
10.9508 1.5119
10.9589 1.51241
10.9669 1.51289
10.9749 1.51334
10.9829 1.51376
10.9909 1.51414
10.9989 1.5145
11.0069 1.51482
11.0149 1.51511
11.0229 1.51537
11.0309 1.5156
11.039 1.5158
11.047 1.51596
11.055 1.51609
11.063 1.51619
11.071 1.51626
11.079 1.5163
11.087 1.51631
11.0951 1.51628
11.1031 1.51623
11.1111 1.51614
11.1191 1.51602
11.1271 1.51586
11.1351 1.51568
11.1431 1.51546
11.1511 1.51522
11.1592 1.51494
11.1672 1.51463
11.1752 1.51429
11.1832 1.51391
11.1912 1.51351
11.1992 1.51307
11.2072 1.51261
11.2152 1.51211
11.2232 1.51158
11.2312 1.51101
11.2393 1.51042
11.2473 1.5098
11.2553 1.50914
11.2633 1.50846
11.2713 1.50774
11.2793 1.50699
11.2873 1.50621
11.2953 1.5054
11.3033 1.50456
11.3113 1.50369
11.3193 1.50278
11.3273 1.50185
11.3353 1.50089
11.3433 1.49989
11.3513 1.49887
11.3593 1.49781
11.3673 1.49673
11.3753 1.49561
11.3832 1.49447
11.3912 1.49329
11.3992 1.49209
11.4072 1.49085
11.4152 1.48959
11.4232 1.4883
11.4312 1.48697
11.4391 1.48562
11.4471 1.48424
11.4551 1.48283
11.4631 1.48139
11.471 1.47992
11.479 1.47842
11.487 1.47689
11.4949 1.47534
11.5029 1.47376
11.5109 1.47214
11.5188 1.4705
11.5268 1.46884
11.5348 1.46714
11.5427 1.46542
11.5507 1.46366
11.5586 1.46189
11.5666 1.46008
11.5745 1.45825
11.5825 1.45638
11.5904 1.4545
11.5984 1.45258
11.6063 1.45064
11.6142 1.44867
11.6222 1.44668
11.6301 1.44466
11.638 1.44261
11.646 1.44054
11.6539 1.43844
11.6618 1.43632
11.6697 1.43417
11.6777 1.43199
11.6856 1.42979
11.6935 1.42757
11.7014 1.42532
11.7093 1.42305
11.7172 1.42075
11.7251 1.41843
11.733 1.41608
11.7409 1.41371
11.7488 1.41131
11.7567 1.4089
11.7646 1.40646
11.7725 1.40399
11.7804 1.4015
11.7883 1.39899
11.7961 1.39646
11.804 1.3939
11.8119 1.39133
11.8198 1.38873
11.8276 1.38611
11.8355 1.38346
11.8434 1.3808
11.8512 1.37811
11.8591 1.3754
11.8669 1.37268
11.8748 1.36993
11.8826 1.36716
11.8905 1.36437
11.8983 1.36156
11.9061 1.35873
11.914 1.35588
11.9218 1.35301
11.9296 1.35012
11.9374 1.34721
11.9453 1.34429
11.9531 1.34134
11.9609 1.33838
11.9687 1.33539
11.9765 1.33239
11.9843 1.32938
11.9921 1.32634
11.9999 1.32329
12.0077 1.32022
12.0155 1.31713
12.0233 1.31403
12.0311 1.31091
12.0388 1.30777
12.0466 1.30462
12.0544 1.30145
12.0622 1.29826
12.0699 1.29506
12.0777 1.29185
12.0854 1.28862
12.0932 1.28537
12.101 1.28211
12.1087 1.27884
12.1164 1.27555
12.1242 1.27225
12.1319 1.26893
12.1396 1.2656
12.1474 1.26226
12.1551 1.2589
12.1628 1.25553
12.1705 1.25215
12.1782 1.24876
12.186 1.24535
12.1937 1.24193
12.2014 1.2385
12.2091 1.23506
12.2168 1.23161
12.2244 1.22815
12.2321 1.22467
12.2398 1.22119
12.2475 1.21769
12.2552 1.21419
12.2628 1.21067
12.2705 1.20715
12.2782 1.20361
12.2858 1.20007
12.2935 1.19652
12.3011 1.19295
12.3088 1.18938
12.3164 1.18581
12.324 1.18222
12.3317 1.17863
12.3393 1.17502
12.3469 1.17142
12.3545 1.1678
12.3622 1.16418
12.3698 1.16055
12.3774 1.15691
12.385 1.15327
12.3926 1.14962
12.4002 1.14596
12.4078 1.1423
12.4153 1.13864
12.4229 1.13497
12.4305 1.13129
12.4381 1.12761
12.4456 1.12393
12.4532 1.12024
12.4608 1.11655
12.4683 1.11285
12.4759 1.10915
12.4834 1.10545
12.491 1.10174
12.4985 1.09803
12.506 1.09432
12.5136 1.0906
12.5211 1.08689
12.5286 1.08317
12.5361 1.07945
12.5436 1.07572
12.5511 1.072
12.5586 1.06828
12.5661 1.06455
12.5736 1.06082
12.5811 1.0571
12.5886 1.05337
12.5961 1.04964
12.6035 1.04591
12.611 1.04219
12.6185 1.03846
12.6259 1.03474
12.6334 1.03101
12.6408 1.02729
12.6483 1.02357
12.6557 1.01985
12.6632 1.01613
12.6706 1.01241
12.678 1.0087
12.6854 1.00499
12.6929 1.00128
12.7003 0.997571
12.7077 0.993868
12.7151 0.990168
12.7225 0.986472
12.7299 0.982779
12.7373 0.979091
12.7446 0.975406
12.752 0.971726
12.7594 0.96805
12.7668 0.964379
12.7741 0.960712
12.7815 0.957051
12.7888 0.953395
12.7962 0.949745
12.8035 0.9461
12.8109 0.942461
12.8182 0.938828
12.8255 0.935201
12.8329 0.931581
12.8402 0.927967
12.8475 0.92436
12.8548 0.92076
12.8621 0.917167
12.8694 0.913581
12.8767 0.910003
12.884 0.906433
12.8913 0.90287
12.8986 0.899316
12.9058 0.895769
12.9131 0.892232
12.9204 0.888702
12.9276 0.885182
12.9349 0.88167
12.9421 0.878168
12.9494 0.874675
12.9566 0.871191
12.9638 0.867717
12.9711 0.864252
12.9783 0.860798
12.9855 0.857354
12.9927 0.85392
12.9999 0.850496
13.0071 0.847083
13.0143 0.843681
13.0215 0.840289
13.0287 0.836909
13.0359 0.83354
13.0431 0.830182
13.0502 0.826836
13.0574 0.823502
13.0646 0.820179
13.0717 0.816868
13.0789 0.81357
13.086 0.810284
13.0932 0.80701
13.1003 0.803749
13.1074 0.8005
13.1146 0.797264
13.1217 0.794042
13.1288 0.790832
13.1359 0.787636
13.143 0.784453
13.1501 0.781284
13.1572 0.778128
13.1643 0.774986
13.1714 0.771859
13.1784 0.768745
13.1855 0.765645
13.1926 0.76256
13.1996 0.759489
13.2067 0.756433
13.2137 0.753391
13.2208 0.750364
13.2278 0.747353
13.2349 0.744356
13.2419 0.741374
13.2489 0.738408
13.2559 0.735457
13.2629 0.732522
13.2699 0.729602
13.2769 0.726698
13.2839 0.72381
13.2909 0.720938
13.2979 0.718082
13.3049 0.715242
13.3119 0.712419
13.3188 0.709611
13.3258 0.706821
13.3328 0.704046
13.3397 0.701289
13.3467 0.698548
13.3536 0.695824
13.3606 0.693118
13.3675 0.690428
13.3744 0.687755
13.3813 0.6851
13.3883 0.682461
13.3952 0.679841
13.4021 0.677238
13.409 0.674652
13.4159 0.672084
13.4228 0.669534
13.4296 0.667001
13.4365 0.664487
13.4434 0.66199
13.4503 0.659512
13.4571 0.657052
13.464 0.65461
13.4708 0.652186
13.4777 0.649781
13.4845 0.647394
13.4914 0.645025
13.4982 0.642675
13.505 0.640344
13.5119 0.638031
13.5187 0.635737
13.5255 0.633462
13.5323 0.631206
13.5391 0.628969
13.5459 0.626751
13.5527 0.624552
13.5595 0.622372
13.5663 0.620211
13.573 0.618069
13.5798 0.615947
13.5866 0.613844
13.5933 0.61176
13.6001 0.609696
13.6068 0.607652
13.6136 0.605626
13.6203 0.603621
13.6271 0.601635
13.6338 0.599668
13.6405 0.597722
13.6473 0.595795
13.654 0.593888
13.6607 0.592001
13.6674 0.590133
13.6741 0.588286
13.6808 0.586458
13.6875 0.58465
13.6942 0.582863
13.7009 0.581095
13.7076 0.579348
13.7142 0.57762
13.7209 0.575913
13.7276 0.574226
13.7342 0.572559
13.7409 0.570912
13.7475 0.569286
13.7542 0.56768
13.7608 0.566094
13.7675 0.564528
13.7741 0.562983
13.7807 0.561458
13.7874 0.559953
13.794 0.558469
13.8006 0.557006
13.8072 0.555562
13.8138 0.55414
13.8205 0.552737
13.8271 0.551356
13.8337 0.549994
13.8402 0.548653
13.8468 0.547333
13.8534 0.546034
13.86 0.544754
13.8666 0.543496
13.8732 0.542258
13.8797 0.541041
13.8863 0.539844
13.8929 0.538668
13.8994 0.537512
13.906 0.536377
13.9126 0.535263
13.9191 0.53417
13.9257 0.533097
13.9322 0.532044
13.9387 0.531013
13.9453 0.530002
13.9518 0.529012
13.9583 0.528042
13.9649 0.527094
13.9714 0.526165
13.9779 0.525258
13.9844 0.524371
13.991 0.523505
13.9975 0.52266
14.004 0.521836
14.0105 0.521032
14.017 0.520249
14.0235 0.519486
14.03 0.518745
14.0365 0.518024
14.043 0.517324
14.0495 0.516644
14.056 0.515985
14.0625 0.515347
14.069 0.51473
14.0754 0.514133
14.0819 0.513557
14.0884 0.513002
14.0949 0.512468
14.1014 0.511954
14.1078 0.511461
14.1143 0.510989
14.1208 0.510537
14.1273 0.510107
14.1337 0.509697
14.1402 0.509307
14.1467 0.508938
14.1531 0.508591
14.1596 0.508263
14.1661 0.507957
14.1725 0.507671
14.179 0.507406
14.1854 0.507161
14.1919 0.506938
14.1984 0.506735
14.2048 0.506552
14.2113 0.506391
14.2177 0.50625
14.2242 0.50613
14.2306 0.50603
14.2371 0.505951
14.2436 0.505893
14.25 0.505856
14.2565 0.505839
14.2629 0.505843
14.2694 0.505868
14.2758 0.505913
14.2823 0.505979
14.2887 0.506066
14.2952 0.506173
14.3017 0.506301
14.3081 0.50645
14.3146 0.506619
14.321 0.50681
14.3275 0.50702
14.3339 0.507252
14.3404 0.507504
14.3469 0.507777
14.3533 0.508071
14.3598 0.508385
14.3662 0.50872
14.3727 0.509076
14.3792 0.509452
14.3856 0.509849
14.3921 0.510267
14.3986 0.510705
14.405 0.511164
14.4115 0.511644
14.418 0.512145
14.4245 0.512666
14.4309 0.513208
14.4374 0.51377
14.4439 0.514353
14.4504 0.514957
14.4569 0.515582
14.4633 0.516227
14.4698 0.516893
14.4763 0.51758
14.4828 0.518287
14.4893 0.519015
14.4958 0.519764
14.5023 0.520533
14.5088 0.521323
14.5153 0.522134
14.5218 0.522965
14.5283 0.523817
14.5348 0.52469
14.5414 0.525583
14.5479 0.526497
14.5544 0.527431
14.5609 0.528387
14.5674 0.529362
14.574 0.530359
14.5805 0.531376
14.587 0.532414
14.5936 0.533472
14.6001 0.534551
14.6067 0.535651
14.6132 0.536771
14.6198 0.537912
14.6263 0.539073
14.6329 0.540255
14.6394 0.541457
14.646 0.54268
14.6526 0.543923
14.6591 0.545187
14.6657 0.546472
14.6723 0.547777
14.6789 0.549102
14.6855 0.550448
14.6921 0.551815
14.6987 0.553202
14.7053 0.554609
14.7119 0.556036
14.7185 0.557484
14.7251 0.558953
14.7317 0.560442
14.7383 0.561951
14.745 0.56348
14.7516 0.56503
14.7582 0.566599
14.7648 0.56819
14.7715 0.5698
14.7781 0.57143
14.7848 0.573081
14.7914 0.574752
14.7981 0.576443
14.8048 0.578154
14.8114 0.579885
14.8181 0.581636
14.8248 0.583407
14.8315 0.585198
14.8381 0.587009
14.8448 0.58884
14.8515 0.59069
14.8582 0.592561
14.8649 0.594451
14.8716 0.596361
14.8784 0.598291
14.8851 0.60024
14.8918 0.602209
14.8985 0.604197
14.9053 0.606205
14.912 0.608233
14.9187 0.61028
14.9255 0.612346
14.9322 0.614432
14.939 0.616537
14.9458 0.618661
14.9525 0.620805
14.9593 0.622967
14.9661 0.625149
14.9729 0.62735
14.9797 0.629569
14.9864 0.631808
14.9932 0.634065
15 0.636342
15.0069 0.638637
15.0137 0.64095
15.0205 0.643282
15.0273 0.645633
15.0341 0.648003
15.041 0.65039
15.0478 0.652796
15.0547 0.655221
15.0615 0.657663
15.0684 0.660124
15.0752 0.662603
15.0821 0.665099
15.0889 0.667614
15.0958 0.670146
15.1027 0.672697
15.1096 0.675265
15.1165 0.67785
15.1234 0.680453
15.1303 0.683073
15.1372 0.685711
15.1441 0.688366
15.151 0.691038
15.1579 0.693727
15.1649 0.696433
15.1718 0.699157
15.1787 0.701896
15.1857 0.704653
15.1926 0.707426
15.1996 0.710216
15.2065 0.713022
15.2135 0.715844
15.2205 0.718683
15.2274 0.721537
15.2344 0.724408
15.2414 0.727295
15.2484 0.730197
15.2554 0.733115
15.2624 0.736049
15.2694 0.738998
15.2764 0.741962
15.2834 0.744942
15.2905 0.747936
15.2975 0.750946
15.3045 0.75397
15.3116 0.75701
15.3186 0.760064
15.3257 0.763132
15.3327 0.766215
15.3398 0.769312
15.3468 0.772423
15.3539 0.775549
15.361 0.778688
15.3681 0.781841
15.3752 0.785007
15.3823 0.788187
15.3894 0.791381
15.3965 0.794587
15.4036 0.797807
15.4107 0.801039
15.4178 0.804285
15.4249 0.807543
15.432 0.810813
15.4392 0.814096
15.4463 0.817391
15.4535 0.820699
15.4606 0.824018
15.4678 0.827349
15.4749 0.830691
15.4821 0.834045
15.4893 0.837411
15.4964 0.840787
15.5036 0.844175
15.5108 0.847573
15.518 0.850983
15.5252 0.854402
15.5324 0.857832
15.5396 0.861273
15.5468 0.864723
15.554 0.868183
15.5613 0.871653
15.5685 0.875133
15.5757 0.878622
15.583 0.88212
15.5902 0.885627
15.5975 0.889144
15.6047 0.892669
15.612 0.896202
15.6192 0.899744
15.6265 0.903294
15.6338 0.906852
15.6411 0.910418
15.6483 0.913991
15.6556 0.917572
15.6629 0.92116
15.6702 0.924756
15.6775 0.928358
15.6848 0.931967
15.6922 0.935583
15.6995 0.939205
15.7068 0.942833
15.7141 0.946467
15.7215 0.950107
15.7288 0.953753
15.7361 0.957404
15.7435 0.96106
15.7508 0.964722
15.7582 0.968388
15.7656 0.972059
15.7729 0.975734
15.7803 0.979414
15.7877 0.983098
15.7951 0.986785
15.8025 0.990476
15.8098 0.994171
15.8172 0.997869
15.8246 1.00157
15.8321 1.00527
15.8395 1.00898
15.8469 1.01269
15.8543 1.0164
15.8617 1.02011
15.8692 1.02383
15.8766 1.02755
15.884 1.03126
15.8915 1.03498
15.8989 1.0387
15.9064 1.04242
15.9138 1.04615
15.9213 1.04987
15.9288 1.05359
15.9362 1.05731
15.9437 1.06103
15.9512 1.06476
15.9587 1.06848
15.9662 1.0722
15.9737 1.07591
15.9812 1.07963
15.9887 1.08335
15.9962 1.08706
16.0037 1.09077
16.0112 1.09448
16.0187 1.09819
16.0263 1.10189
16.0338 1.10559
16.0413 1.10929
16.0489 1.11299
16.0564 1.11668
16.064 1.12037
16.0715 1.12405
16.0791 1.12773
16.0867 1.13141
16.0942 1.13508
16.1018 1.13874
16.1094 1.1424
16.1169 1.14606
16.1245 1.14971
16.1321 1.15335
16.1397 1.15699
16.1473 1.16062
16.1549 1.16425
16.1625 1.16786
16.1701 1.17147
16.1777 1.17508
16.1854 1.17868
16.193 1.18227
16.2006 1.18585
16.2082 1.18942
16.2159 1.19299
16.2235 1.19654
16.2312 1.20009
16.2388 1.20363
16.2465 1.20716
16.2541 1.21068
16.2618 1.21419
16.2694 1.21769
16.2771 1.22118
16.2848 1.22466
16.2924 1.22813
16.3001 1.23159
16.3078 1.23504
16.3155 1.23848
16.3232 1.2419
16.3309 1.24532
16.3386 1.24872
16.3463 1.25211
16.354 1.25549
16.3617 1.25885
16.3694 1.2622
16.3771 1.26554
16.3849 1.26887
16.3926 1.27218
16.4003 1.27548
16.4081 1.27877
16.4158 1.28204
16.4235 1.28529
16.4313 1.28853
16.439 1.29176
16.4468 1.29497
16.4545 1.29817
16.4623 1.30135
16.4701 1.30452
16.4778 1.30767
16.4856 1.3108
16.4934 1.31392
16.5011 1.31702
16.5089 1.32011
16.5167 1.32317
16.5245 1.32622
16.5323 1.32926
16.5401 1.33227
16.5479 1.33527
16.5557 1.33825
16.5635 1.34121
16.5713 1.34415
16.5791 1.34708
16.5869 1.34998
16.5947 1.35287
16.6026 1.35574
16.6104 1.35858
16.6182 1.36141
16.6261 1.36422
16.6339 1.36701
16.6417 1.36978
16.6496 1.37252
16.6574 1.37525
16.6653 1.37796
16.6731 1.38064
16.681 1.3833
16.6888 1.38595
16.6967 1.38857
16.7045 1.39117
16.7124 1.39374
16.7203 1.3963
16.7281 1.39883
16.736 1.40134
16.7439 1.40383
16.7518 1.40629
16.7597 1.40873
16.7676 1.41115
16.7754 1.41354
16.7833 1.41591
16.7912 1.41826
16.7991 1.42058
16.807 1.42288
16.8149 1.42515
16.8228 1.4274
16.8307 1.42963
16.8386 1.43183
16.8466 1.434
16.8545 1.43615
16.8624 1.43827
16.8703 1.44037
16.8782 1.44244
16.8862 1.44449
16.8941 1.44651
16.902 1.44851
16.9099 1.45048
16.9179 1.45242
16.9258 1.45433
16.9338 1.45622
16.9417 1.45808
16.9496 1.45992
16.9576 1.46173
16.9655 1.46351
16.9735 1.46526
16.9814 1.46698
16.9894 1.46868
16.9973 1.47035
17.0053 1.47199
17.0133 1.47361
17.0212 1.47519
17.0292 1.47675
17.0372 1.47828
17.0451 1.47978
17.0531 1.48125
17.0611 1.48269
17.069 1.4841
17.077 1.48549
17.085 1.48684
17.093 1.48817
17.1009 1.48946
17.1089 1.49073
17.1169 1.49197
17.1249 1.49317
17.1329 1.49435
17.1409 1.4955
17.1488 1.49662
17.1568 1.4977
17.1648 1.49876
17.1728 1.49979
17.1808 1.50079
17.1888 1.50175
17.1968 1.50269
17.2048 1.50359
17.2128 1.50447
17.2208 1.50531
17.2288 1.50613
17.2368 1.50691
17.2448 1.50766
17.2528 1.50838
17.2608 1.50907
17.2688 1.50973
17.2768 1.51036
17.2848 1.51095
17.2928 1.51152
17.3008 1.51205
17.3088 1.51255
17.3168 1.51302
17.3248 1.51346
17.3329 1.51387
17.3409 1.51425
17.3489 1.51459
17.3569 1.51491
17.3649 1.51519
17.3729 1.51544
17.3809 1.51566
17.3889 1.51585
17.397 1.516
17.405 1.51612
17.413 1.51622
17.421 1.51628
17.429 1.51631
17.437 1.5163
17.445 1.51627
17.453 1.5162
17.4611 1.51611
17.4691 1.51598
17.4771 1.51581
17.4851 1.51562
17.4931 1.5154
17.5011 1.51514
17.5091 1.51485
17.5171 1.51454
17.5252 1.51418
17.5332 1.5138
17.5412 1.51339
17.5492 1.51294
17.5572 1.51247
17.5652 1.51196
17.5732 1.51142
17.5812 1.51085
17.5892 1.51025
17.5972 1.50961
17.6052 1.50895
17.6133 1.50826
17.6213 1.50753
17.6293 1.50677
17.6373 1.50598
17.6453 1.50516
17.6533 1.50431
17.6613 1.50343
17.6693 1.50252
17.6773 1.50158
17.6853 1.50061
17.6933 1.49961
17.7012 1.49857
17.7092 1.49751
17.7172 1.49642
17.7252 1.49529
17.7332 1.49414
17.7412 1.49296
17.7492 1.49174
17.7572 1.4905
17.7652 1.48923
17.7731 1.48792
17.7811 1.48659
17.7891 1.48523
17.7971 1.48384
17.8051 1.48242
17.813 1.48097
17.821 1.4795
17.829 1.47799
17.8369 1.47646
17.8449 1.47489
17.8529 1.4733
17.8608 1.47168
17.8688 1.47003
17.8768 1.46836
17.8847 1.46665
17.8927 1.46492
17.9006 1.46316
17.9086 1.46138
17.9165 1.45956
17.9245 1.45772
17.9324 1.45585
17.9404 1.45396
17.9483 1.45203
17.9563 1.45009
17.9642 1.44811
17.9721 1.44611
17.9801 1.44408
17.988 1.44203
17.9959 1.43995
18.0039 1.43784
18.0118 1.43571
18.0197 1.43355
18.0276 1.43137
18.0355 1.42917
18.0434 1.42693
18.0514 1.42468
18.0593 1.4224
18.0672 1.42009
18.0751 1.41776
18.083 1.41541
18.0909 1.41303
18.0988 1.41063
18.1067 1.40821
18.1145 1.40576
18.1224 1.40329
18.1303 1.40079
18.1382 1.39828
18.1461 1.39574
18.154 1.39318
18.1618 1.39059
18.1697 1.38799
18.1776 1.38536
18.1854 1.38271
18.1933 1.38004
18.2011 1.37735
18.209 1.37463
18.2169 1.3719
18.2247 1.36914
18.2325 1.36637
18.2404 1.36357
18.2482 1.36076
18.2561 1.35792
18.2639 1.35507
18.2717 1.35219
18.2795 1.3493
18.2874 1.34638
18.2952 1.34345
18.303 1.3405
18.3108 1.33753
18.3186 1.33455
18.3264 1.33154
18.3342 1.32852
18.342 1.32548
18.3498 1.32242
18.3576 1.31934
18.3654 1.31625
18.3732 1.31314
18.381 1.31002
18.3888 1.30688
18.3965 1.30372
18.4043 1.30055
18.4121 1.29736
18.4198 1.29415
18.4276 1.29093
18.4354 1.2877
18.4431 1.28445
18.4509 1.28118
18.4586 1.27791
18.4663 1.27461
18.4741 1.27131
18.4818 1.26799
18.4895 1.26465
18.4973 1.26131
18.505 1.25795
18.5127 1.25457
18.5204 1.25119
18.5281 1.24779
18.5358 1.24438
18.5436 1.24096
18.5513 1.23753
18.5589 1.23408
18.5666 1.23063
18.5743 1.22716
18.582 1.22368
18.5897 1.2202
18.5974 1.2167
18.605 1.21319
18.6127 1.20967
18.6204 1.20614
18.628 1.20261
18.6357 1.19906
18.6433 1.19551
18.651 1.19194
18.6586 1.18837
18.6663 1.18479
18.6739 1.1812
18.6815 1.17761
18.6892 1.174
18.6968 1.17039
18.7044 1.16677
18.712 1.16315
18.7196 1.15952
18.7272 1.15588
18.7348 1.15223
18.7424 1.14858
18.75 1.14493
18.7576 1.14127
18.7652 1.1376
18.7728 1.13393
18.7804 1.13025
18.7879 1.12657
18.7955 1.12288
18.8031 1.11919
18.8106 1.1155
18.8182 1.1118
18.8257 1.1081
18.8333 1.1044
18.8408 1.10069
18.8483 1.09698
18.8559 1.09327
18.8634 1.08955
18.8709 1.08583
18.8784 1.08211
18.886 1.07839
18.8935 1.07467
18.901 1.07094
18.9085 1.06722
18.916 1.06349
18.9235 1.05977
18.9309 1.05604
18.9384 1.05231
18.9459 1.04859
18.9534 1.04486
18.9608 1.04113
18.9683 1.03741
18.9758 1.03368
18.9832 1.02996
18.9907 1.02623
18.9981 1.02251
19.0055 1.01879
19.013 1.01507
19.0204 1.01136
19.0278 1.00765
19.0353 1.00393
19.0427 1.00023
19.0501 0.996521
19.0575 0.992819
19.0649 0.98912
19.0723 0.985425
19.0797 0.981733
19.0871 0.978046
19.0944 0.974362
19.1018 0.970683
19.1092 0.967009
19.1166 0.963339
19.1239 0.959674
19.1313 0.956014
19.1386 0.95236
19.146 0.948711
19.1533 0.945068
19.1607 0.94143
19.168 0.937799
19.1753 0.934174
19.1826 0.930555
19.19 0.926944
19.1973 0.923338
19.2046 0.91974
19.2119 0.91615
19.2192 0.912566
19.2265 0.90899
19.2338 0.905422
19.2411 0.901862
19.2483 0.89831
19.2556 0.894766
19.2629 0.89123
19.2701 0.887704
19.2774 0.884186
19.2846 0.880677
19.2919 0.877177
19.2991 0.873686
19.3064 0.870205
19.3136 0.866734
19.3208 0.863272
19.3281 0.859821
19.3353 0.856379
19.3425 0.852948
19.3497 0.849527
19.3569 0.846117
19.3641 0.842718
19.3713 0.83933
19.3785 0.835953
19.3856 0.832587
19.3928 0.829233
19.4 0.82589
19.4072 0.822559
19.4143 0.819239
19.4215 0.815932
19.4286 0.812637
19.4358 0.809354
19.4429 0.806084
19.45 0.802826
19.4572 0.799582
19.4643 0.79635
19.4714 0.793131
19.4785 0.789925
19.4856 0.786732
19.4927 0.783553
19.4998 0.780388
19.5069 0.777236
19.514 0.774098
19.5211 0.770974
19.5281 0.767865
19.5352 0.764769
19.5423 0.761688
19.5493 0.758621
19.5564 0.755569
19.5634 0.752532
19.5705 0.749509
19.5775 0.746502
19.5846 0.743509
19.5916 0.740532
19.5986 0.73757
19.6056 0.734624
19.6126 0.731693
19.6196 0.728778
19.6266 0.725878
19.6336 0.722994
19.6406 0.720127
19.6476 0.717275
19.6546 0.71444
19.6616 0.711621
19.6685 0.708819
19.6755 0.706033
19.6824 0.703263
19.6894 0.70051
19.6963 0.697774
19.7033 0.695055
19.7102 0.692353
19.7172 0.689668
19.7241 0.687
19.731 0.68435
19.7379 0.681717
19.7448 0.679101
19.7517 0.676503
19.7586 0.673922
19.7655 0.671359
19.7724 0.668814
19.7793 0.666287
19.7862 0.663777
19.7931 0.661286
19.7999 0.658813
19.8068 0.656358
19.8136 0.653921
19.8205 0.651502
19.8273 0.649102
19.8342 0.64672
19.841 0.644357
19.8479 0.642012
19.8547 0.639686
19.8615 0.637379
19.8683 0.635091
19.8751 0.632821
19.8819 0.63057
19.8887 0.628338
19.8955 0.626126
19.9023 0.623932
19.9091 0.621757
19.9159 0.619602
19.9227 0.617466
19.9294 0.615349
19.9362 0.613252
19.943 0.611173
19.9497 0.609115
19.9565 0.607076
19.9632 0.605056
19.97 0.603056
19.9767 0.601075
19.9834 0.599115
19.9901 0.597174
19.9969 0.595252
20 0.594364
