0 -0.970004 0.243088 0.970004 -0.243088 0 0
0.00401178 -0.968124 0.24482 0.971865 -0.241351 -0.00374065 -0.00346907
0.00785431 -0.966305 0.246474 0.973629 -0.239682 -0.00732368 -0.00679153
0.0116349 -0.964498 0.248097 0.975347 -0.238037 -0.0108493 -0.01006
0.0153918 -0.962684 0.249705 0.977037 -0.236398 -0.0143534 -0.0133073
0.0191388 -0.960858 0.251304 0.978707 -0.234759 -0.017849 -0.0165451
0.0228808 -0.959017 0.252897 0.980357 -0.233119 -0.0213407 -0.0197775
0.0266192 -0.95716 0.254482 0.98199 -0.231477 -0.0248301 -0.0230055
0.0303542 -0.955287 0.256062 0.983605 -0.229833 -0.0283176 -0.026229
0.0340855 -0.953398 0.257634 0.985202 -0.228187 -0.0318031 -0.0294477
0.0378129 -0.951494 0.2592 0.986781 -0.226539 -0.0352864 -0.0326609
0.0415358 -0.949575 0.260758 0.988342 -0.22489 -0.0387672 -0.0358682
0.0452538 -0.94764 0.262309 0.989886 -0.22324 -0.0422453 -0.0390688
0.0489664 -0.945691 0.263852 0.991411 -0.22159 -0.0457203 -0.0422622
0.0526732 -0.943726 0.265387 0.992919 -0.219939 -0.0491921 -0.0454478
0.0563737 -0.941748 0.266913 0.994408 -0.218288 -0.0526603 -0.048625
0.0600676 -0.939755 0.268431 0.99588 -0.216637 -0.0561248 -0.0517934
0.0637545 -0.937748 0.269939 0.997333 -0.214987 -0.0595854 -0.0549523
0.0674339 -0.935727 0.271439 0.998769 -0.213337 -0.0630417 -0.0581013
0.0711056 -0.933693 0.272929 1.00019 -0.211689 -0.0664937 -0.0612399
0.0747693 -0.931645 0.274409 1.00159 -0.210041 -0.0699412 -0.0643677
0.0784246 -0.929585 0.275879 1.00297 -0.208395 -0.073384 -0.0674841
0.0820713 -0.927511 0.277339 1.00433 -0.206751 -0.0768219 -0.0705888
0.085709 -0.925425 0.278789 1.00568 -0.205108 -0.080255 -0.0736814
0.0893377 -0.923326 0.280229 1.00701 -0.203467 -0.083683 -0.0767616
0.0929571 -0.921215 0.281658 1.00832 -0.201829 -0.0871059 -0.0798289
0.0965669 -0.919091 0.283076 1.00962 -0.200192 -0.0905237 -0.082883
0.100167 -0.916956 0.284482 1.01089 -0.198559 -0.0939361 -0.0859237
0.103757 -0.914809 0.285878 1.01215 -0.196928 -0.0973433 -0.0889507
0.107338 -0.91265 0.287263 1.0134 -0.195299 -0.100745 -0.0919636
0.110908 -0.91048 0.288636 1.01462 -0.193674 -0.104142 -0.0949623
0.114468 -0.908299 0.289998 1.01583 -0.192051 -0.107533 -0.0979465
0.118018 -0.906106 0.291348 1.01703 -0.190431 -0.110919 -0.100916
0.121558 -0.903902 0.292686 1.0182 -0.188815 -0.1143 -0.103871
0.125087 -0.901688 0.294012 1.01936 -0.187202 -0.117675 -0.10681
0.128606 -0.899462 0.295327 1.02051 -0.185592 -0.121046 -0.109735
0.132115 -0.897226 0.296629 1.02164 -0.183985 -0.124411 -0.112644
0.135613 -0.894979 0.297919 1.02275 -0.182382 -0.127771 -0.115537
0.139101 -0.892722 0.299197 1.02385 -0.180783 -0.131126 -0.118415
0.142578 -0.890454 0.300463 1.02493 -0.179186 -0.134477 -0.121277
0.146046 -0.888176 0.301717 1.026 -0.177594 -0.137822 -0.124123
0.149503 -0.885888 0.302958 1.02705 -0.176004 -0.141163 -0.126954
0.15295 -0.883589 0.304187 1.02809 -0.174419 -0.144499 -0.129768
0.156387 -0.881281 0.305403 1.02911 -0.172837 -0.147831 -0.132566
0.159814 -0.878962 0.306607 1.03012 -0.171258 -0.151159 -0.135349
0.163231 -0.876633 0.307798 1.03112 -0.169683 -0.154482 -0.138115
0.166639 -0.874294 0.308977 1.0321 -0.168112 -0.157802 -0.140865
0.170036 -0.871946 0.310143 1.03306 -0.166544 -0.161117 -0.143599
0.173425 -0.869587 0.311296 1.03402 -0.16498 -0.164429 -0.146316
0.176803 -0.867218 0.312436 1.03496 -0.163419 -0.167737 -0.149018
0.180173 -0.86484 0.313564 1.03588 -0.161861 -0.171042 -0.151703
0.183533 -0.862452 0.314679 1.0368 -0.160307 -0.174344 -0.154372
0.186885 -0.860054 0.315781 1.0377 -0.158757 -0.177642 -0.157024
0.190227 -0.857646 0.31687 1.03858 -0.15721 -0.180937 -0.159661
0.193561 -0.855228 0.317947 1.03946 -0.155666 -0.18423 -0.162281
0.196886 -0.8528 0.31901 1.04032 -0.154126 -0.18752 -0.164885
0.200203 -0.850363 0.320061 1.04117 -0.152588 -0.190808 -0.167472
0.203511 -0.847915 0.321098 1.04201 -0.151054 -0.194093 -0.170044
0.206812 -0.845458 0.322122 1.04283 -0.149523 -0.197376 -0.172599
0.210105 -0.842991 0.323134 1.04365 -0.147995 -0.200658 -0.175138
0.21339 -0.840514 0.324132 1.04445 -0.146471 -0.203937 -0.177662
0.216667 -0.838027 0.325117 1.04524 -0.144949 -0.207216 -0.180169
0.219938 -0.83553 0.32609 1.04602 -0.14343 -0.210492 -0.18266
0.223201 -0.833023 0.327048 1.04679 -0.141914 -0.213768 -0.185135
0.226457 -0.830506 0.327994 1.04755 -0.140401 -0.217043 -0.187594
0.229706 -0.827978 0.328927 1.04829 -0.13889 -0.220316 -0.190037
0.232949 -0.825441 0.329846 1.04903 -0.137382 -0.22359 -0.192464
0.236185 -0.822893 0.330752 1.04976 -0.135877 -0.226862 -0.194875
0.239416 -0.820335 0.331644 1.05047 -0.134374 -0.230135 -0.197271
0.24264 -0.817767 0.332524 1.05117 -0.132873 -0.233408 -0.19965
0.245858 -0.815189 0.333389 1.05187 -0.131375 -0.23668 -0.202014
0.249071 -0.8126 0.334242 1.05255 -0.129879 -0.239953 -0.204363
0.252279 -0.81 0.33508 1.05323 -0.128385 -0.243227 -0.206695
0.255482 -0.80739 0.335906 1.05389 -0.126893 -0.246501 -0.209012
0.258679 -0.804769 0.336717 1.05455 -0.125404 -0.249777 -0.211313
0.261872 -0.802137 0.337515 1.05519 -0.123916 -0.253053 -0.213599
0.26506 -0.799495 0.3383 1.05583 -0.12243 -0.256331 -0.215869
0.268244 -0.796841 0.33907 1.05645 -0.120946 -0.25961 -0.218124
0.271424 -0.794177 0.339827 1.05707 -0.119463 -0.262891 -0.220363
0.2746 -0.791501 0.34057 1.05768 -0.117983 -0.266174 -0.222587
0.277773 -0.788815 0.341299 1.05827 -0.116503 -0.269459 -0.224795
0.280942 -0.786117 0.342013 1.05886 -0.115025 -0.272747 -0.226988
0.284108 -0.783407 0.342714 1.05944 -0.113548 -0.276037 -0.229166
0.287271 -0.780686 0.343401 1.06002 -0.112073 -0.27933 -0.231328
0.290431 -0.777953 0.344074 1.06058 -0.110598 -0.282625 -0.233475
0.293588 -0.775209 0.344732 1.06113 -0.109125 -0.285924 -0.235607
0.296744 -0.772453 0.345376 1.06168 -0.107652 -0.289226 -0.237724
0.299897 -0.769685 0.346005 1.06222 -0.10618 -0.292532 -0.239825
0.303049 -0.766904 0.34662 1.06275 -0.104709 -0.295841 -0.241911
0.306199 -0.764112 0.34722 1.06327 -0.103239 -0.299155 -0.243982
0.309347 -0.761307 0.347806 1.06378 -0.101769 -0.302473 -0.246037
0.312495 -0.758489 0.348377 1.06428 -0.100299 -0.305795 -0.248078
0.315642 -0.755659 0.348933 1.06478 -0.0988297 -0.309121 -0.250103
0.318788 -0.752816 0.349473 1.06527 -0.0973606 -0.312453 -0.252113
0.321933 -0.74996 0.349999 1.06575 -0.0958915 -0.315789 -0.254108
0.325079 -0.747091 0.35051 1.06622 -0.0944224 -0.319131 -0.256088
0.328225 -0.744209 0.351005 1.06669 -0.0929531 -0.322478 -0.258052
0.331371 -0.741313 0.351485 1.06714 -0.0914836 -0.325831 -0.260001
0.334518 -0.738404 0.351949 1.06759 -0.0900137 -0.329189 -0.261936
0.337665 -0.735482 0.352398 1.06804 -0.0885433 -0.332554 -0.263855
0.340814 -0.732545 0.352831 1.06847 -0.0870723 -0.335925 -0.265758
0.343965 -0.729594 0.353247 1.0689 -0.0856006 -0.339303 -0.267647
0.347116 -0.726629 0.353648 1.06932 -0.084128 -0.342687 -0.26952
0.35027 -0.72365 0.354032 1.06973 -0.0826545 -0.346078 -0.271378
0.353426 -0.720656 0.3544 1.07013 -0.0811799 -0.349476 -0.273221
0.356585 -0.717647 0.354752 1.07053 -0.0797041 -0.352882 -0.275048
0.359746 -0.714624 0.355087 1.07092 -0.078227 -0.356296 -0.27686
0.36291 -0.711585 0.355405 1.0713 -0.0767485 -0.359717 -0.278656
0.366078 -0.708531 0.355706 1.07168 -0.0752684 -0.363146 -0.280437
0.369249 -0.705462 0.355989 1.07205 -0.0737867 -0.366584 -0.282202
0.372424 -0.702377 0.356255 1.07241 -0.0723031 -0.370029 -0.283952
0.375603 -0.699276 0.356504 1.07276 -0.0708176 -0.373484 -0.285686
0.378786 -0.696159 0.356735 1.07311 -0.0693301 -0.376948 -0.287405
0.381974 -0.693026 0.356948 1.07345 -0.0678404 -0.38042 -0.289107
0.385167 -0.689876 0.357142 1.07378 -0.0663483 -0.383902 -0.290794
0.388365 -0.68671 0.357319 1.0741 -0.0648539 -0.387393 -0.292465
0.391568 -0.683527 0.357476 1.07442 -0.0633569 -0.390894 -0.294119
0.394777 -0.680327 0.357615 1.07473 -0.0618572 -0.394405 -0.295758
0.397992 -0.67711 0.357735 1.07504 -0.0603547 -0.397926 -0.29738
0.401214 -0.673875 0.357835 1.07533 -0.0588493 -0.401457 -0.298986
0.404442 -0.670623 0.357916 1.07562 -0.0573409 -0.404999 -0.300575
0.407676 -0.667353 0.357977 1.0759 -0.0558293 -0.408551 -0.302148
0.410918 -0.664066 0.358018 1.07618 -0.0543145 -0.412114 -0.303703
0.414167 -0.66076 0.358038 1.07645 -0.0527962 -0.415688 -0.305242
0.417423 -0.657436 0.358038 1.07671 -0.0512745 -0.419273 -0.306764
0.420687 -0.654093 0.358018 1.07696 -0.0497491 -0.422869 -0.308269
0.423959 -0.650733 0.357976 1.07721 -0.0482201 -0.426477 -0.309756
0.427239 -0.647353 0.357912 1.07745 -0.0466872 -0.430095 -0.311225
0.430528 -0.643955 0.357827 1.07768 -0.0451504 -0.433726 -0.312677
0.433825 -0.640538 0.35772 1.07791 -0.0436097 -0.437367 -0.314111
0.437131 -0.637102 0.357591 1.07812 -0.0420648 -0.44102 -0.315526
0.440446 -0.633647 0.357439 1.07833 -0.0405158 -0.444685 -0.316923
0.44377 -0.630173 0.357264 1.07853 -0.0389626 -0.448361 -0.318301
0.447103 -0.626681 0.357066 1.07873 -0.0374052 -0.452049 -0.319661
0.450445 -0.623169 0.356845 1.07892 -0.0358434 -0.455748 -0.321001
0.453797 -0.619638 0.356599 1.0791 -0.0342773 -0.459459 -0.322322
0.457158 -0.616089 0.35633 1.07927 -0.0327067 -0.463181 -0.323623
0.460528 -0.612521 0.356036 1.07943 -0.0311318 -0.466913 -0.324904
0.463908 -0.608934 0.355718 1.07959 -0.0295526 -0.470657 -0.326165
0.467298 -0.605329 0.355374 1.07974 -0.0279689 -0.474411 -0.327405
0.470696 -0.601705 0.355006 1.07988 -0.0263809 -0.478176 -0.328625
0.474104 -0.598064 0.354612 1.08001 -0.0247887 -0.48195 -0.329823
0.477521 -0.594405 0.354192 1.08014 -0.0231922 -0.485734 -0.331
0.480946 -0.590729 0.353746 1.08026 -0.0215916 -0.489527 -0.332154
0.484381 -0.587037 0.353274 1.08037 -0.019987 -0.493329 -0.333287
0.487823 -0.583328 0.352775 1.08047 -0.0183786 -0.497138 -0.334397
0.491274 -0.579603 0.35225 1.08056 -0.0167663 -0.500955 -0.335484
0.494732 -0.575864 0.351698 1.08064 -0.0151505 -0.504779 -0.336547
0.498198 -0.572109 0.351119 1.08072 -0.0135314 -0.508609 -0.337587
0.50167 -0.568341 0.350513 1.08079 -0.0119091 -0.512445 -0.338604
0.505148 -0.56456 0.349879 1.08084 -0.0102838 -0.516284 -0.339595
0.508633 -0.560767 0.349219 1.08089 -0.00865587 -0.520128 -0.340563
0.512122 -0.556962 0.34853 1.08094 -0.00702552 -0.523974 -0.341505
0.515616 -0.553147 0.347815 1.08097 -0.00539306 -0.527822 -0.342422
0.519114 -0.549323 0.347072 1.08099 -0.00375877 -0.531671 -0.343314
0.522616 -0.54549 0.346302 1.08101 -0.00212298 -0.53552 -0.344179
0.526119 -0.54165 0.345505 1.08102 -0.000486021 -0.539367 -0.345019
0.529625 -0.537803 0.344681 1.08101 0.00115177 -0.543212 -0.345833
0.533131 -0.533951 0.34383 1.081 0.00279005 -0.547054 -0.34662
0.536638 -0.530094 0.342951 1.08099 0.00442847 -0.550891 -0.34738
0.540144 -0.526235 0.342047 1.08096 0.00606668 -0.554722 -0.348114
0.54365 -0.522373 0.341116 1.08092 0.00770432 -0.558547 -0.34882
0.547153 -0.518511 0.340159 1.08087 0.00934105 -0.562364 -0.3495
0.550653 -0.514648 0.339176 1.08082 0.0109765 -0.566173 -0.350152
0.55415 -0.510787 0.338167 1.08076 0.0126105 -0.569971 -0.350778
0.557643 -0.506927 0.337134 1.08069 0.0142425 -0.573759 -0.351376
0.561132 -0.503071 0.336075 1.08061 0.0158723 -0.577535 -0.351948
0.564615 -0.499219 0.334992 1.08052 0.0174996 -0.581298 -0.352492
0.568092 -0.495372 0.333885 1.08042 0.0191242 -0.585048 -0.353009
0.571562 -0.491531 0.332754 1.08031 0.0207458 -0.588784 -0.3535
0.575026 -0.487696 0.3316 1.0802 0.0223641 -0.592505 -0.353964
0.578482 -0.483869 0.330423 1.08008 0.023979 -0.59621 -0.354402
0.581931 -0.48005 0.329223 1.07995 0.0255903 -0.599898 -0.354813
0.585371 -0.476239 0.328001 1.07981 0.0271978 -0.60357 -0.355198
0.588803 -0.472438 0.326757 1.07966 0.0288013 -0.607225 -0.355558
0.592226 -0.468647 0.325491 1.07951 0.0304007 -0.610861 -0.355892
0.59564 -0.464865 0.324204 1.07934 0.031996 -0.61448 -0.3562
0.599045 -0.461095 0.322897 1.07917 0.0335871 -0.618079 -0.356484
0.602441 -0.457335 0.321569 1.079 0.0351738 -0.62166 -0.356743
0.605827 -0.453587 0.320221 1.07881 0.0367561 -0.625222 -0.356977
0.609204 -0.44985 0.318853 1.07861 0.038334 -0.628765 -0.357187
0.612571 -0.446125 0.317466 1.07841 0.0399076 -0.632288 -0.357373
0.615929 -0.442412 0.316059 1.0782 0.0414767 -0.635791 -0.357536
0.619278 -0.438711 0.314634 1.07799 0.0430415 -0.639275 -0.357675
0.622617 -0.435022 0.31319 1.07776 0.0446018 -0.642739 -0.357792
0.625947 -0.431345 0.311728 1.07753 0.0461579 -0.646184 -0.357885
0.629268 -0.427681 0.310247 1.07729 0.0477097 -0.649609 -0.357957
0.632579 -0.424029 0.308749 1.07704 0.0492573 -0.653014 -0.358006
0.635882 -0.42039 0.307233 1.07679 0.0508008 -0.656399 -0.358034
0.639177 -0.416762 0.3057 1.07653 0.0523403 -0.659765 -0.358041
0.642462 -0.413147 0.30415 1.07626 0.0538757 -0.663111 -0.358026
0.64574 -0.409544 0.302583 1.07598 0.0554074 -0.666438 -0.35799
0.649009 -0.405952 0.300999 1.0757 0.0569352 -0.669747 -0.357934
0.652271 -0.402373 0.299398 1.07541 0.0584594 -0.673036 -0.357858
0.655525 -0.398805 0.297781 1.07511 0.05998 -0.676306 -0.357761
0.658771 -0.395249 0.296148 1.07481 0.0614972 -0.679557 -0.357645
0.662011 -0.391704 0.294499 1.07449 0.0630111 -0.68279 -0.35751
0.665244 -0.38817 0.292833 1.07417 0.0645217 -0.686005 -0.357355
0.66847 -0.384647 0.291152 1.07385 0.0660293 -0.689201 -0.357182
0.671689 -0.381135 0.289455 1.07351 0.0675339 -0.69238 -0.356989
0.674903 -0.377633 0.287743 1.07317 0.0690357 -0.695541 -0.356778
0.678111 -0.374142 0.286015 1.07283 0.0705347 -0.698684 -0.356549
0.681313 -0.370661 0.284271 1.07247 0.0720312 -0.70181 -0.356302
0.684511 -0.367191 0.282512 1.07211 0.0735252 -0.704919 -0.356037
0.687703 -0.363729 0.280738 1.07174 0.0750169 -0.708011 -0.355755
0.69089 -0.360278 0.278949 1.07136 0.0765063 -0.711086 -0.355455
0.694073 -0.356835 0.277144 1.07098 0.0779937 -0.714145 -0.355138
0.697252 -0.353402 0.275325 1.07059 0.0794791 -0.717188 -0.354804
0.700428 -0.349978 0.273491 1.07019 0.0809627 -0.720214 -0.354453
0.703599 -0.346562 0.271641 1.06979 0.0824445 -0.723224 -0.354086
0.706768 -0.343154 0.269777 1.06937 0.0839248 -0.726219 -0.353702
0.709933 -0.339755 0.267898 1.06895 0.0854036 -0.729198 -0.353302
0.713096 -0.336363 0.266004 1.06853 0.0868811 -0.732162 -0.352886
0.716256 -0.33298 0.264096 1.06809 0.0883574 -0.735111 -0.352453
0.719414 -0.329603 0.262173 1.06765 0.0898326 -0.738045 -0.352005
0.72257 -0.326234 0.260235 1.0672 0.0913068 -0.740964 -0.351542
0.725724 -0.322872 0.258282 1.06674 0.0927801 -0.743869 -0.351062
0.728877 -0.319517 0.256315 1.06628 0.0942527 -0.746759 -0.350568
0.732028 -0.316168 0.254333 1.0658 0.0957247 -0.749635 -0.350058
0.735179 -0.312826 0.252337 1.06532 0.0971962 -0.752497 -0.349533
0.738329 -0.309489 0.250326 1.06483 0.0986672 -0.755345 -0.348993
0.741479 -0.306159 0.2483 1.06434 0.100138 -0.75818 -0.348438
0.744629 -0.302834 0.24626 1.06383 0.101609 -0.761 -0.347869
0.747779 -0.299514 0.244205 1.06332 0.103079 -0.763808 -0.347284
0.750929 -0.2962 0.242136 1.0628 0.10455 -0.766602 -0.346686
0.75408 -0.292891 0.240052 1.06227 0.106021 -0.769383 -0.346072
0.757231 -0.289586 0.237953 1.06174 0.107492 -0.772152 -0.345445
0.760384 -0.286286 0.23584 1.06119 0.108963 -0.774907 -0.344803
0.763538 -0.28299 0.233712 1.06064 0.110435 -0.77765 -0.344147
0.766694 -0.279699 0.23157 1.06008 0.111907 -0.78038 -0.343477
0.769852 -0.276411 0.229413 1.05951 0.11338 -0.783098 -0.342793
0.773011 -0.273127 0.227241 1.05893 0.114854 -0.785804 -0.342095
0.776173 -0.269846 0.225054 1.05834 0.116329 -0.788498 -0.341383
0.779338 -0.266569 0.222853 1.05775 0.117805 -0.791179 -0.340658
0.782505 -0.263294 0.220637 1.05714 0.119282 -0.793849 -0.339919
0.785675 -0.260023 0.218406 1.05653 0.12076 -0.796507 -0.339166
0.788848 -0.256754 0.216161 1.05591 0.122239 -0.799153 -0.3384
0.792025 -0.253487 0.213901 1.05528 0.123719 -0.801788 -0.33762
0.795205 -0.250222 0.211625 1.05463 0.125201 -0.804411 -0.336827
0.798389 -0.24696 0.209335 1.05398 0.126685 -0.807023 -0.33602
0.801578 -0.243699 0.20703 1.05332 0.12817 -0.809624 -0.3352
0.80477 -0.24044 0.20471 1.05265 0.129657 -0.812214 -0.334367
0.807968 -0.237182 0.202376 1.05197 0.131145 -0.814792 -0.333521
0.811169 -0.233925 0.200026 1.05129 0.132636 -0.81736 -0.332661
0.814376 -0.23067 0.197661 1.05059 0.134128 -0.819916 -0.331789
0.817588 -0.227415 0.195281 1.04988 0.135623 -0.822462 -0.330903
0.820805 -0.22416 0.192886 1.04916 0.137119 -0.824997 -0.330005
0.824028 -0.220906 0.190475 1.04843 0.138618 -0.827522 -0.329093
0.827257 -0.217652 0.18805 1.04769 0.140119 -0.830036 -0.328169
0.830491 -0.214398 0.185609 1.04694 0.141622 -0.832539 -0.327232
0.833732 -0.211144 0.183153 1.04618 0.143128 -0.835032 -0.326281
0.836979 -0.207889 0.180682 1.0454 0.144636 -0.837514 -0.325318
0.840232 -0.204634 0.178196 1.04462 0.146147 -0.839986 -0.324343
0.843492 -0.201378 0.175694 1.04383 0.14766 -0.842448 -0.323354
0.846759 -0.198121 0.173177 1.04302 0.149176 -0.844899 -0.322353
0.850034 -0.194863 0.170644 1.0422 0.150695 -0.84734 -0.321339
0.853315 -0.191603 0.168096 1.04137 0.152217 -0.849772 -0.320313
0.856604 -0.188341 0.165532 1.04053 0.153741 -0.852192 -0.319274
0.859901 -0.185078 0.162953 1.03968 0.155269 -0.854603 -0.318222
0.863205 -0.181813 0.160359 1.03882 0.156799 -0.857004 -0.317158
0.866517 -0.178546 0.157748 1.03794 0.158333 -0.859394 -0.316081
0.869838 -0.175276 0.155123 1.03705 0.159869 -0.861775 -0.314992
0.873167 -0.172004 0.152482 1.03615 0.161409 -0.864146 -0.31389
0.876504 -0.168729 0.149825 1.03524 0.162951 -0.866506 -0.312776
0.87985 -0.165451 0.147152 1.03431 0.164497 -0.868856 -0.311649
0.883205 -0.16217 0.144464 1.03337 0.166046 -0.871197 -0.310511
0.886568 -0.158886 0.141761 1.03241 0.167599 -0.873527 -0.309359
0.889941 -0.155599 0.139041 1.03145 0.169154 -0.875848 -0.308196
0.893323 -0.152308 0.136307 1.03047 0.170713 -0.878158 -0.30702
0.896714 -0.149013 0.133556 1.02947 0.172276 -0.880458 -0.305832
0.900115 -0.145715 0.13079 1.02846 0.173841 -0.882749 -0.304632
0.903525 -0.142412 0.128009 1.02744 0.175411 -0.885029 -0.303419
0.906945 -0.139105 0.125212 1.0264 0.176983 -0.887299 -0.302195
0.910374 -0.135794 0.1224 1.02535 0.178559 -0.889559 -0.300958
0.913814 -0.132479 0.119572 1.02429 0.180138 -0.891808 -0.29971
0.917263 -0.129159 0.116729 1.02321 0.181721 -0.894047 -0.298449
0.920722 -0.125834 0.11387 1.02211 0.183306 -0.896276 -0.297177
0.924192 -0.122504 0.110997 1.021 0.184896 -0.898495 -0.295892
0.927671 -0.119169 0.108108 1.01987 0.186488 -0.900703 -0.294596
0.931161 -0.11583 0.105204 1.01873 0.188084 -0.9029 -0.293288
0.934661 -0.112485 0.102286 1.01757 0.189683 -0.905087 -0.291968
0.938171 -0.109135 0.0993523 1.0164 0.191285 -0.907263 -0.290637
0.941692 -0.105779 0.0964043 1.01521 0.19289 -0.909429 -0.289295
0.945222 -0.102418 0.0934418 1.014 0.194499 -0.911583 -0.28794
0.948763 -0.0990518 0.090465 1.01278 0.19611 -0.913727 -0.286575
0.952314 -0.0956799 0.087474 1.01154 0.197724 -0.915859 -0.285198
0.955875 -0.0923025 0.0844691 1.01028 0.199341 -0.91798 -0.28381
0.959446 -0.0889194 0.0814505 1.00901 0.200961 -0.92009 -0.282411
0.963027 -0.0855307 0.0784183 1.00772 0.202583 -0.922188 -0.281001
0.966618 -0.0821364 0.0753729 1.00641 0.204207 -0.924275 -0.27958
0.970219 -0.0787366 0.0723145 1.00509 0.205835 -0.926349 -0.278149
0.973829 -0.0753311 0.0692434 1.00374 0.207464 -0.928412 -0.276707
0.977448 -0.0719201 0.0661599 1.00238 0.209095 -0.930463 -0.275255
0.981077 -0.0685037 0.0630643 1.001 0.210728 -0.932501 -0.273793
0.984715 -0.0650818 0.059957 0.999609 0.212363 -0.934527 -0.27232
0.988361 -0.0616546 0.0568383 0.998195 0.213999 -0.93654 -0.270838
0.992017 -0.0582222 0.0537087 0.996763 0.215637 -0.93854 -0.269346
0.99568 -0.0547847 0.0505685 0.995312 0.217276 -0.940528 -0.267844
0.999351 -0.0513422 0.0474181 0.993844 0.218916 -0.942502 -0.266334
1.00303 -0.0478949 0.0442581 0.992357 0.220556 -0.944462 -0.264814
1.00672 -0.044443 0.0410889 0.990852 0.222197 -0.946409 -0.263286
1.01041 -0.0409866 0.037911 0.989329 0.223838 -0.948342 -0.261749
1.01411 -0.0375259 0.0347249 0.987787 0.225478 -0.950261 -0.260203
1.01782 -0.0340612 0.0315311 0.986227 0.227119 -0.952166 -0.25865
1.02153 -0.0305927 0.0283303 0.984649 0.228759 -0.954056 -0.257089
1.02525 -0.0271206 0.0251229 0.983052 0.230397 -0.955932 -0.25552
1.02897 -0.0236452 0.0219096 0.981437 0.232035 -0.957792 -0.253945
1.0327 -0.0201669 0.0186911 0.979804 0.233671 -0.959637 -0.252362
1.03643 -0.0166857 0.0154678 0.978153 0.235305 -0.961467 -0.250773
1.04016 -0.0132022 0.0122405 0.976484 0.236937 -0.963282 -0.249177
1.0439 -0.00971649 0.00900989 0.974797 0.238566 -0.96508 -0.247576
1.04764 -0.006229 0.00577652 0.973092 0.240192 -0.966863 -0.245969
1.05138 -0.00274004 0.00254112 0.971369 0.241816 -0.968629 -0.244357
1.05512 0.000750073 -0.00069564 0.969629 0.243435 -0.970379 -0.24274
1.05887 0.00424099 -0.00393307 0.967871 0.245051 -0.972112 -0.241118
1.06261 0.00773237 -0.00717047 0.966096 0.246662 -0.973829 -0.239492
1.06636 0.0112239 -0.0104072 0.964305 0.248269 -0.975528 -0.237862
1.0701 0.0147152 -0.0136425 0.962496 0.249871 -0.977211 -0.236228
1.07384 0.0182059 -0.0168756 0.96067 0.251467 -0.978876 -0.234592
1.07758 0.0216957 -0.0201061 0.958828 0.253058 -0.980524 -0.232952
1.08132 0.0251844 -0.023333 0.95697 0.254643 -0.982155 -0.23131
1.08505 0.0286714 -0.0265559 0.955096 0.256222 -0.983767 -0.229666
1.08878 0.0321566 -0.0297739 0.953206 0.257793 -0.985363 -0.22802
1.09251 0.0356396 -0.0329866 0.9513 0.259358 -0.98694 -0.226372
1.09623 0.0391201 -0.0361931 0.949379 0.260916 -0.988499 -0.224723
1.09995 0.0425979 -0.039393 0.947443 0.262466 -0.990041 -0.223073
1.10366 0.0460726 -0.0425857 0.945492 0.264008 -0.991565 -0.221422
1.10737 0.049544 -0.0457705 0.943526 0.265542 -0.99307 -0.219771
1.11107 0.0530119 -0.0489469 0.941546 0.267067 -0.994558 -0.21812
1.11476 0.056476 -0.0521143 0.939552 0.268584 -0.996028 -0.21647
1.11845 0.0599361 -0.0552722 0.937544 0.270092 -0.99748 -0.214819
1.12213 0.0633921 -0.0584202 0.935521 0.27159 -0.998913 -0.21317
1.1258 0.0668436 -0.0615577 0.933486 0.273079 -1.00033 -0.211521
1.12946 0.0702906 -0.0646843 0.931437 0.274558 -1.00173 -0.209874
1.13311 0.0737329 -0.0677996 0.929375 0.276028 -1.00311 -0.208228
1.13676 0.0771704 -0.0709031 0.9273 0.277487 -1.00447 -0.206584
1.1404 0.080603 -0.0739944 0.925212 0.278936 -1.00582 -0.204941
1.14402 0.0840305 -0.0770733 0.923112 0.280374 -1.00714 -0.203301
1.14764 0.0874528 -0.0801393 0.921 0.281802 -1.00845 -0.201663
1.15125 0.09087 -0.0831921 0.918875 0.283219 -1.00975 -0.200027
1.15485 0.094282 -0.0862314 0.916739 0.284625 -1.01102 -0.198393
1.15844 0.0976887 -0.089257 0.914591 0.286019 -1.01228 -0.196762
1.16202 0.10109 -0.0922685 0.912431 0.287403 -1.01352 -0.195134
1.16559 0.104486 -0.0952657 0.910259 0.288775 -1.01475 -0.193509
1.16915 0.107877 -0.0982484 0.908077 0.290135 -1.01595 -0.191887
1.1727 0.111262 -0.101216 0.905883 0.291484 -1.01715 -0.190267
1.17624 0.114642 -0.10417 0.903678 0.292821 -1.01832 -0.188651
1.17976 0.118017 -0.107108 0.901462 0.294146 -1.01948 -0.187038
1.18328 0.121387 -0.11003 0.899236 0.295459 -1.02062 -0.185429
1.18679 0.124752 -0.112938 0.896999 0.29676 -1.02175 -0.183823
1.19029 0.128112 -0.11583 0.894751 0.298049 -1.02286 -0.18222
1.19377 0.131466 -0.118706 0.892492 0.299326 -1.02396 -0.18062
1.19725 0.134816 -0.121566 0.890224 0.300591 -1.02504 -0.179025
1.20072 0.138161 -0.124411 0.887944 0.301843 -1.02611 -0.177432
1.20417 0.141502 -0.12724 0.885655 0.303083 -1.02716 -0.175843
1.20762 0.144838 -0.130053 0.883356 0.304311 -1.02819 -0.174258
1.21105 0.148169 -0.132849 0.881046 0.305526 -1.02921 -0.172676
1.21448 0.151496 -0.13563 0.878726 0.306728 -1.03022 -0.171098
1.2179 0.154819 -0.138395 0.876396 0.307918 -1.03122 -0.169524
1.2213 0.158138 -0.141143 0.874056 0.309096 -1.03219 -0.167953
1.2247 0.161454 -0.143875 0.871707 0.31026 -1.03316 -0.166385
1.22809 0.164765 -0.146591 0.869347 0.311412 -1.03411 -0.164821
1.23146 0.168073 -0.149291 0.866978 0.312551 -1.03505 -0.163261
1.23483 0.171377 -0.151974 0.864598 0.313678 -1.03598 -0.161704
1.23819 0.174678 -0.154641 0.862209 0.314791 -1.03689 -0.16015
1.24154 0.177976 -0.157292 0.85981 0.315892 -1.03779 -0.1586
1.24488 0.181272 -0.159927 0.857401 0.31698 -1.03867 -0.157053
1.24822 0.184564 -0.162546 0.854982 0.318055 -1.03955 -0.15551
1.25154 0.187854 -0.165148 0.852553 0.319117 -1.04041 -0.153969
1.25486 0.191141 -0.167734 0.850115 0.320166 -1.04126 -0.152433
1.25817 0.194426 -0.170304 0.847666 0.321203 -1.04209 -0.150899
1.26147 0.197709 -0.172857 0.845208 0.322226 -1.04292 -0.149368
1.26476 0.200991 -0.175395 0.84274 0.323236 -1.04373 -0.147841
1.26804 0.20427 -0.177917 0.840262 0.324233 -1.04453 -0.146316
1.27132 0.207548 -0.180422 0.837774 0.325217 -1.04532 -0.144795
1.27459 0.210825 -0.182911 0.835276 0.326187 -1.0461 -0.143276
1.27785 0.2141 -0.185385 0.832768 0.327145 -1.04687 -0.14176
1.28111 0.217375 -0.187842 0.83025 0.328089 -1.04762 -0.140247
1.28435 0.220648 -0.190284 0.827721 0.329021 -1.04837 -0.138737
1.2876 0.223922 -0.192709 0.825183 0.329938 -1.0491 -0.137229
1.29083 0.227194 -0.195119 0.822634 0.330843 -1.04983 -0.135724
1.29406 0.230467 -0.197513 0.820075 0.331734 -1.05054 -0.134221
1.29729 0.233739 -0.199891 0.817506 0.332612 -1.05125 -0.132721
1.3005 0.237012 -0.202253 0.814926 0.333476 -1.05194 -0.131223
1.30372 0.240285 -0.2046 0.812336 0.334327 -1.05262 -0.129727
1.30692 0.243559 -0.206931 0.809736 0.335165 -1.05329 -0.128234
1.31013 0.246833 -0.209246 0.807124 0.335989 -1.05396 -0.126742
1.31332 0.250109 -0.211546 0.804502 0.336799 -1.05461 -0.125253
1.31651 0.253386 -0.21383 0.80187 0.337595 -1.05526 -0.123765
1.3197 0.256663 -0.216099 0.799226 0.338378 -1.05589 -0.12228
1.32289 0.259943 -0.218352 0.796572 0.339147 -1.05651 -0.120796
1.32607 0.263224 -0.22059 0.793906 0.339903 -1.05713 -0.119313
1.32924 0.266507 -0.222812 0.791229 0.340644 -1.05774 -0.117832
1.33241 0.269793 -0.225019 0.788542 0.341372 -1.05833 -0.116353
1.33558 0.27308 -0.22721 0.785842 0.342085 -1.05892 -0.114875
1.33875 0.276371 -0.229386 0.783132 0.342785 -1.0595 -0.113398
1.34191 0.279664 -0.231547 0.780409 0.34347 -1.06007 -0.111923
1.34507 0.28296 -0.233692 0.777676 0.344141 -1.06064 -0.110449
1.34823 0.286259 -0.235822 0.77493 0.344798 -1.06119 -0.108975
1.35138 0.289561 -0.237937 0.772173 0.34544 -1.06173 -0.107503
1.35454 0.292867 -0.240037 0.769403 0.346068 -1.06227 -0.106031
1.35769 0.296177 -0.242122 0.766621 0.346682 -1.0628 -0.10456
1.36084 0.299491 -0.244191 0.763828 0.34728 -1.06332 -0.10309
1.36399 0.302809 -0.246245 0.761021 0.347864 -1.06383 -0.10162
1.36713 0.306132 -0.248284 0.758203 0.348434 -1.06433 -0.10015
1.37028 0.309459 -0.250307 0.755371 0.348988 -1.06483 -0.0986807
1.37343 0.312791 -0.252316 0.752527 0.349528 -1.06532 -0.0972116
1.37657 0.316128 -0.254309 0.74967 0.350052 -1.0658 -0.0957425
1.37972 0.31947 -0.256287 0.746799 0.350561 -1.06627 -0.0942733
1.38286 0.322818 -0.25825 0.743916 0.351055 -1.06673 -0.0928041
1.38601 0.326171 -0.260198 0.741019 0.351533 -1.06719 -0.0913345
1.38916 0.32953 -0.262131 0.738108 0.351995 -1.06764 -0.0898645
1.3923 0.332896 -0.264048 0.735184 0.352442 -1.06808 -0.0883941
1.39545 0.336267 -0.265951 0.732246 0.352874 -1.06851 -0.086923
1.3986 0.339646 -0.267838 0.729294 0.353289 -1.06894 -0.0854512
1.40176 0.34303 -0.269709 0.726328 0.353688 -1.06936 -0.0839786
1.40491 0.346422 -0.271566 0.723347 0.354071 -1.06977 -0.082505
1.40807 0.349822 -0.273407 0.720351 0.354437 -1.07017 -0.0810303
1.41122 0.353228 -0.275232 0.717341 0.354787 -1.07057 -0.0795544
1.41439 0.356642 -0.277043 0.714316 0.35512 -1.07096 -0.0780771
1.41755 0.360064 -0.278838 0.711276 0.355436 -1.07134 -0.0765985
1.42072 0.363494 -0.280617 0.708221 0.355735 -1.07172 -0.0751182
1.42389 0.366933 -0.282381 0.70515 0.356017 -1.07208 -0.0736363
1.42707 0.370379 -0.284129 0.702063 0.356281 -1.07244 -0.0721525
1.43024 0.373835 -0.285861 0.698961 0.356528 -1.0728 -0.0706668
1.43343 0.377299 -0.287578 0.695842 0.356757 -1.07314 -0.0691791
1.43662 0.380773 -0.289279 0.692707 0.356968 -1.07348 -0.0676891
1.43981 0.384256 -0.290964 0.689556 0.357161 -1.07381 -0.0661968
1.44301 0.387748 -0.292633 0.686388 0.357335 -1.07414 -0.0647021
1.44621 0.39125 -0.294286 0.683203 0.357491 -1.07445 -0.0632049
1.44942 0.394762 -0.295923 0.680001 0.357628 -1.07476 -0.0617049
1.45264 0.398284 -0.297544 0.676782 0.357746 -1.07507 -0.0602022
1.45586 0.401816 -0.299148 0.673546 0.357844 -1.07536 -0.0586965
1.45909 0.405359 -0.300735 0.670292 0.357923 -1.07565 -0.0571877
1.46232 0.408912 -0.302306 0.667021 0.357982 -1.07593 -0.0556758
1.46557 0.412476 -0.30386 0.663731 0.358021 -1.07621 -0.0541606
1.46882 0.416051 -0.305397 0.660423 0.358039 -1.07647 -0.052642
1.47207 0.419638 -0.306917 0.657098 0.358037 -1.07674 -0.0511199
1.47534 0.423235 -0.30842 0.653753 0.358014 -1.07699 -0.0495942
1.47861 0.426843 -0.309906 0.650391 0.35797 -1.07723 -0.0480648
1.48189 0.430463 -0.311373 0.647009 0.357905 -1.07747 -0.0465315
1.48518 0.434094 -0.312823 0.643609 0.357817 -1.0777 -0.0449943
1.48848 0.437737 -0.314255 0.64019 0.357708 -1.07793 -0.0434531
1.49179 0.441392 -0.315669 0.636752 0.357576 -1.07814 -0.0419079
1.4951 0.445058 -0.317064 0.633296 0.357422 -1.07835 -0.0403585
1.49843 0.448735 -0.31844 0.62982 0.357245 -1.07856 -0.0388048
1.50176 0.452424 -0.319798 0.626325 0.357045 -1.07875 -0.0372469
1.5051 0.456124 -0.321136 0.622812 0.356821 -1.07894 -0.0356847
1.50846 0.459836 -0.322455 0.619279 0.356573 -1.07912 -0.0341181
1.51182 0.463559 -0.323754 0.615728 0.356301 -1.07929 -0.0325472
1.51519 0.467293 -0.325033 0.612158 0.356005 -1.07945 -0.0309718
1.51857 0.471037 -0.326292 0.608569 0.355684 -1.07961 -0.0293921
1.52196 0.474793 -0.32753 0.604962 0.355338 -1.07975 -0.027808
1.52536 0.478558 -0.328747 0.601337 0.354967 -1.07989 -0.0262196
1.52877 0.482333 -0.329943 0.597694 0.35457 -1.08003 -0.0246269
1.53219 0.486118 -0.331118 0.594033 0.354148 -1.08015 -0.02303
1.53561 0.489912 -0.33227 0.590356 0.353699 -1.08027 -0.021429
1.53905 0.493715 -0.3334 0.586661 0.353224 -1.08038 -0.019824
1.54249 0.497525 -0.334508 0.582951 0.352723 -1.08048 -0.0182152
1.54594 0.501343 -0.335593 0.579225 0.352195 -1.08057 -0.0166026
1.5494 0.505167 -0.336654 0.575483 0.35164 -1.08065 -0.0149864
1.55287 0.508998 -0.337692 0.571728 0.351059 -1.08073 -0.013367
1.55634 0.512834 -0.338705 0.567958 0.35045 -1.08079 -0.0117443
1.55982 0.516674 -0.339695 0.564176 0.349813 -1.08085 -0.0101188
1.56331 0.520518 -0.340659 0.560382 0.34915 -1.0809 -0.00849058
1.5668 0.524364 -0.341599 0.556576 0.348459 -1.08094 -0.00686001
1.57029 0.528213 -0.342514 0.55276 0.347741 -1.08097 -0.00522734
1.57379 0.532061 -0.343403 0.548935 0.346996 -1.081 -0.00359289
1.57729 0.53591 -0.344266 0.545101 0.346223 -1.08101 -0.00195697
1.58079 0.539757 -0.345103 0.54126 0.345423 -1.08102 -0.000319906
1.5843 0.543602 -0.345914 0.537412 0.344596 -1.08101 0.00131795
1.58781 0.547443 -0.346698 0.53356 0.343742 -1.081 0.00295626
1.59131 0.55128 -0.347456 0.529703 0.342861 -1.08098 0.00459468
1.59482 0.555111 -0.348186 0.525843 0.341954 -1.08095 0.00623284
1.59832 0.558935 -0.34889 0.521981 0.34102 -1.08092 0.00787041
1.60183 0.562751 -0.349567 0.518119 0.34006 -1.08087 0.00950703
1.60533 0.566558 -0.350217 0.514256 0.339075 -1.08081 0.0111424
1.60882 0.570356 -0.35084 0.510395 0.338064 -1.08075 0.0127761
1.61232 0.574142 -0.351435 0.506536 0.337028 -1.08068 0.0144079
1.6158 0.577917 -0.352004 0.50268 0.335967 -1.0806 0.0160375
1.61929 0.581679 -0.352546 0.498829 0.334881 -1.08051 0.0176646
1.62276 0.585428 -0.35306 0.494982 0.333772 -1.08041 0.0192889
1.62623 0.589162 -0.353548 0.491142 0.332638 -1.0803 0.0209101
1.6297 0.592881 -0.35401 0.487308 0.331482 -1.08019 0.0225281
1.63315 0.596584 -0.354445 0.483481 0.330302 -1.08007 0.0241427
1.6366 0.600271 -0.354853 0.479663 0.3291 -1.07993 0.0257535
1.64004 0.603942 -0.355236 0.475853 0.327875 -1.07979 0.0273606
1.64347 0.607594 -0.355593 0.472053 0.326629 -1.07965 0.0289637
1.64689 0.611229 -0.355924 0.468262 0.325361 -1.07949 0.0305628
1.6503 0.614846 -0.35623 0.464482 0.324073 -1.07933 0.0321576
1.65371 0.618444 -0.356511 0.460713 0.322763 -1.07916 0.0337482
1.6571 0.622023 -0.356767 0.456954 0.321433 -1.07898 0.0353345
1.66049 0.625583 -0.356999 0.453207 0.320083 -1.07879 0.0369164
1.66386 0.629123 -0.357207 0.449471 0.318713 -1.07859 0.0384939
1.66723 0.632644 -0.357391 0.445747 0.317324 -1.07839 0.040067
1.67059 0.636146 -0.357551 0.442036 0.315915 -1.07818 0.0416357
1.67394 0.639628 -0.357688 0.438336 0.314488 -1.07796 0.0432
1.67727 0.64309 -0.357802 0.434648 0.313042 -1.07774 0.0447599
1.6806 0.646532 -0.357894 0.430973 0.311578 -1.07751 0.0463155
1.68392 0.649955 -0.357963 0.42731 0.310096 -1.07727 0.0478669
1.68723 0.653358 -0.35801 0.42366 0.308596 -1.07702 0.0494141
1.69054 0.656741 -0.358036 0.420021 0.307079 -1.07676 0.0509572
1.69383 0.660105 -0.35804 0.416395 0.305544 -1.0765 0.0524962
1.69711 0.66345 -0.358023 0.412781 0.303992 -1.07623 0.0540313
1.70039 0.666775 -0.357986 0.409179 0.302423 -1.07595 0.0555625
1.70366 0.670081 -0.357927 0.405589 0.300837 -1.07567 0.05709
1.70692 0.673368 -0.357849 0.40201 0.299235 -1.07538 0.0586138
1.71017 0.676636 -0.357751 0.398444 0.297617 -1.07508 0.0601341
1.71342 0.679886 -0.357633 0.394888 0.295982 -1.07477 0.0616509
1.71666 0.683117 -0.357495 0.391345 0.294331 -1.07446 0.0631645
1.71989 0.68633 -0.357338 0.387812 0.292664 -1.07414 0.0646748
1.72312 0.689525 -0.357163 0.38429 0.290981 -1.07381 0.0661821
1.72633 0.692701 -0.356969 0.380779 0.289282 -1.07348 0.0676864
1.72955 0.69586 -0.356756 0.377279 0.287568 -1.07314 0.0691879
1.73276 0.699002 -0.356525 0.373789 0.285838 -1.07279 0.0706867
1.73596 0.702126 -0.356276 0.370309 0.284093 -1.07244 0.0721829
1.73915 0.705233 -0.35601 0.366839 0.282333 -1.07207 0.0736766
1.74235 0.708324 -0.355725 0.363379 0.280557 -1.0717 0.0751681
1.74553 0.711397 -0.355424 0.359928 0.278766 -1.07133 0.0766573
1.74872 0.714454 -0.355105 0.356487 0.276961 -1.07094 0.0781445
1.75189 0.717495 -0.354769 0.353054 0.27514 -1.07055 0.0796297
1.75507 0.72052 -0.354417 0.349631 0.273304 -1.07015 0.0811131
1.75824 0.723529 -0.354048 0.346216 0.271453 -1.06974 0.0825948
1.76141 0.726522 -0.353662 0.342809 0.269587 -1.06933 0.0840749
1.76457 0.7295 -0.35326 0.33941 0.267707 -1.06891 0.0855536
1.76774 0.732462 -0.352842 0.33602 0.265812 -1.06848 0.087031
1.7709 0.735409 -0.352409 0.332637 0.263902 -1.06805 0.0885071
1.77405 0.738342 -0.351959 0.329261 0.261977 -1.0676 0.0899822
1.77721 0.741259 -0.351494 0.325893 0.260037 -1.06715 0.0914563
1.78036 0.744163 -0.351013 0.322532 0.258083 -1.06669 0.0929295
1.78352 0.747051 -0.350517 0.319177 0.256115 -1.06623 0.0944021
1.78667 0.749926 -0.350005 0.315829 0.254131 -1.06575 0.095874
1.78982 0.752787 -0.349479 0.312487 0.252134 -1.06527 0.0973454
1.79297 0.755633 -0.348938 0.309151 0.250121 -1.06478 0.0988165
1.79612 0.758466 -0.348381 0.305821 0.248094 -1.06429 0.100287
1.79927 0.761286 -0.34781 0.302497 0.246052 -1.06378 0.101758
1.80242 0.764092 -0.347224 0.299178 0.243996 -1.06327 0.103228
1.80557 0.766885 -0.346624 0.295864 0.241925 -1.06275 0.104699
1.80872 0.769665 -0.346009 0.292555 0.23984 -1.06222 0.10617
1.81187 0.772432 -0.34538 0.289251 0.23774 -1.06168 0.107641
1.81502 0.775186 -0.344737 0.285952 0.235625 -1.06114 0.109112
1.81818 0.777928 -0.34408 0.282656 0.233496 -1.06058 0.110584
1.82133 0.780657 -0.343408 0.279365 0.231352 -1.06002 0.112057
1.82449 0.783373 -0.342723 0.276078 0.229193 -1.05945 0.11353
1.82765 0.786078 -0.342024 0.272794 0.22702 -1.05887 0.115004
1.83081 0.78877 -0.34131 0.269513 0.224832 -1.05828 0.116479
1.83398 0.791451 -0.340584 0.266236 0.222629 -1.05769 0.117955
1.83715 0.794119 -0.339843 0.262962 0.220412 -1.05708 0.119431
1.84032 0.796776 -0.339089 0.259691 0.218179 -1.05647 0.12091
1.84349 0.799421 -0.338321 0.256422 0.215932 -1.05584 0.122389
1.84667 0.802055 -0.33754 0.253156 0.21367 -1.05521 0.12387
1.84985 0.804677 -0.336745 0.249891 0.211394 -1.05457 0.125352
1.85303 0.807288 -0.335938 0.246629 0.209102 -1.05392 0.126835
1.85622 0.809887 -0.335116 0.243368 0.206796 -1.05326 0.128321
1.85941 0.812476 -0.334282 0.240109 0.204474 -1.05259 0.129808
1.86261 0.815053 -0.333434 0.236852 0.202138 -1.0519 0.131296
1.86581 0.81762 -0.332574 0.233595 0.199786 -1.05121 0.132787
1.86902 0.820175 -0.3317 0.230339 0.19742 -1.05051 0.13428
1.87223 0.82272 -0.330813 0.227085 0.195038 -1.0498 0.135774
1.87545 0.825254 -0.329913 0.22383 0.192642 -1.04908 0.137271
1.87867 0.827777 -0.329 0.220576 0.19023 -1.04835 0.13877
1.8819 0.83029 -0.328074 0.217322 0.187803 -1.04761 0.140271
1.88514 0.832792 -0.327136 0.214068 0.185361 -1.04686 0.141775
1.88838 0.835284 -0.326184 0.210814 0.182903 -1.0461 0.143281
1.89163 0.837765 -0.32522 0.207559 0.180431 -1.04532 0.144789
1.89488 0.840236 -0.324243 0.204304 0.177943 -1.04454 0.1463
1.89814 0.842697 -0.323253 0.201048 0.175439 -1.04374 0.147814
1.90141 0.845147 -0.322251 0.19779 0.17292 -1.04294 0.14933
1.90469 0.847588 -0.321236 0.194532 0.170386 -1.04212 0.15085
1.90797 0.850018 -0.320208 0.191272 0.167836 -1.04129 0.152371
1.91126 0.852437 -0.319168 0.18801 0.165271 -1.04045 0.153896
1.91455 0.854847 -0.318115 0.184747 0.162691 -1.03959 0.155424
1.91786 0.857247 -0.317049 0.181482 0.160095 -1.03873 0.156955
1.92117 0.859636 -0.315971 0.178214 0.157483 -1.03785 0.158488
1.92449 0.862016 -0.314881 0.174944 0.154856 -1.03696 0.160025
1.92782 0.864385 -0.313778 0.171672 0.152213 -1.03606 0.161565
1.93116 0.866745 -0.312662 0.168397 0.149554 -1.03514 0.163108
1.93451 0.869094 -0.311534 0.165119 0.14688 -1.03421 0.164654
1.93786 0.871434 -0.310394 0.161837 0.144191 -1.03327 0.166204
1.94123 0.873763 -0.309242 0.158553 0.141485 -1.03232 0.167756
1.9446 0.876083 -0.308077 0.155265 0.138765 -1.03135 0.169312
1.94799 0.878392 -0.3069 0.151974 0.136028 -1.03037 0.170872
1.95138 0.880691 -0.305711 0.148679 0.133276 -1.02937 0.172434
1.95478 0.88298 -0.304509 0.14538 0.130509 -1.02836 0.174001
1.95819 0.885259 -0.303296 0.142077 0.127726 -1.02734 0.17557
1.96161 0.887528 -0.30207 0.13877 0.124927 -1.0263 0.177143
1.96504 0.889787 -0.300832 0.135458 0.122113 -1.02525 0.178719
1.96848 0.892036 -0.299582 0.132142 0.119284 -1.02418 0.180298
1.97193 0.894274 -0.298321 0.128822 0.116439 -1.0231 0.181881
1.97539 0.896502 -0.297047 0.125496 0.113579 -1.022 0.183467
1.97886 0.898719 -0.295761 0.122166 0.110704 -1.02089 0.185057
1.98234 0.900926 -0.294464 0.118831 0.107814 -1.01976 0.18665
1.98583 0.903123 -0.293155 0.115491 0.104909 -1.01861 0.188246
1.98934 0.905308 -0.291834 0.112145 0.101989 -1.01745 0.189845
1.99285 0.907484 -0.290502 0.108794 0.0990539 -1.01628 0.191448
1.99637 0.909648 -0.289158 0.105438 0.0961044 -1.01509 0.193053
1.9999 0.911801 -0.287802 0.102077 0.0931405 -1.01388 0.194662
2.00344 0.913944 -0.286436 0.09871 0.0901622 -1.01265 0.196273
2.00699 0.916075 -0.285058 0.0953375 0.0871698 -1.01141 0.197888
2.01056 0.918195 -0.283669 0.0919595 0.0841635 -1.01015 0.199505
2.01413 0.920303 -0.282269 0.0885758 0.0811435 -1.00888 0.201125
2.01771 0.9224 -0.280858 0.0851866 0.07811 -1.00759 0.202748
2.0213 0.924486 -0.279436 0.0817917 0.0750633 -1.00628 0.204372
2.0249 0.926559 -0.278003 0.0783913 0.0720036 -1.00495 0.206
2.02851 0.928621 -0.27656 0.0749853 0.0689312 -1.00361 0.207629
2.03213 0.93067 -0.275107 0.0715737 0.0658464 -1.00224 0.209261
2.03576 0.932707 -0.273644 0.0681567 0.0627496 -1.00086 0.210894
2.0394 0.934732 -0.27217 0.0647343 0.0596412 -0.999466 0.212529
2.04305 0.936744 -0.270687 0.0613066 0.0565214 -0.99805 0.214166
2.04671 0.938743 -0.269194 0.0578737 0.0533906 -0.996616 0.215803
2.05037 0.940728 -0.267692 0.0544356 0.0502493 -0.995164 0.217442
2.05404 0.942701 -0.26618 0.0509927 0.047098 -0.993694 0.219082
2.05772 0.94466 -0.264659 0.0475449 0.043937 -0.992205 0.220722
2.06141 0.946606 -0.26313 0.0440925 0.0407669 -0.990698 0.222363
2.0651 0.948538 -0.261592 0.0406356 0.0375881 -0.989173 0.224004
2.06881 0.950455 -0.260046 0.0371745 0.0344012 -0.98763 0.225645
2.07251 0.952358 -0.258492 0.0337094 0.0312067 -0.986068 0.227285
2.07623 0.954247 -0.25693 0.0302406 0.0280052 -0.984488 0.228925
2.07994 0.956121 -0.255361 0.0267681 0.0247972 -0.982889 0.230564
2.08367 0.95798 -0.253784 0.0232924 0.0215834 -0.981272 0.232201
2.08739 0.959824 -0.252201 0.0198138 0.0183643 -0.979638 0.233837
2.09112 0.961652 -0.250611 0.0163324 0.0151406 -0.977985 0.235471
2.09486 0.963465 -0.249015 0.0128486 0.011913 -0.976313 0.237102
2.0986 0.965262 -0.247413 0.00936271 0.008682 -0.974625 0.238731
2.10234 0.967043 -0.245806 0.00587506 0.0054484 -0.972918 0.240357
2.10608 0.968807 -0.244193 0.00238597 0.00221283 -0.971193 0.24198
2.10982 0.970556 -0.242575 -0.00110424 -0.00102403 -0.969451 0.243599
2.11357 0.972287 -0.240953 -0.00459522 -0.00426149 -0.967692 0.245215
2.11731 0.974002 -0.239327 -0.00808663 -0.00749885 -0.965915 0.246826
2.12105 0.9757 -0.237696 -0.0115781 -0.0107354 -0.964122 0.248432
2.1248 0.977381 -0.236063 -0.0150694 -0.0139705 -0.962311 0.250033
2.12854 0.979044 -0.234426 -0.01856 -0.0172035 -0.960484 0.251629
2.13228 0.98069 -0.232786 -0.0220498 -0.0204336 -0.958641 0.253219
2.13602 0.982319 -0.231143 -0.0255382 -0.0236601 -0.956781 0.254804
2.13975 0.98393 -0.229499 -0.0290251 -0.0268825 -0.954905 0.256381
2.14348 0.985523 -0.227852 -0.0325101 -0.0301001 -0.953013 0.257953
2.14721 0.987099 -0.226205 -0.0359929 -0.0333121 -0.951106 0.259517
2.15093 0.988657 -0.224555 -0.0394731 -0.036518 -0.949183 0.261074
2.15465 0.990196 -0.222905 -0.0429506 -0.0397172 -0.947246 0.262623
2.15836 0.991718 -0.221255 -0.046425 -0.0429091 -0.945293 0.264164
2.16206 0.993222 -0.219604 -0.0498961 -0.0460931 -0.943326 0.265697
2.16576 0.994708 -0.217953 -0.0533636 -0.0492686 -0.941344 0.267222
2.16945 0.996176 -0.216302 -0.0568273 -0.0524351 -0.939349 0.268737
2.17314 0.997626 -0.214652 -0.060287 -0.055592 -0.937339 0.270244
2.17682 0.999058 -0.213003 -0.0637425 -0.0587389 -0.935315 0.271742
2.18049 1.00047 -0.211354 -0.0671935 -0.0618754 -0.933278 0.27323
2.18415 1.00187 -0.209707 -0.0706401 -0.0650008 -0.931228 0.274708
2.1878 1.00325 -0.208061 -0.0740819 -0.0681149 -0.929165 0.276176
2.19145 1.00461 -0.206417 -0.0775189 -0.0712172 -0.927089 0.277634
2.19508 1.00595 -0.204775 -0.0809509 -0.0743073 -0.925 0.279082
2.19871 1.00728 -0.203135 -0.0843779 -0.0773849 -0.922898 0.28052
2.20233 1.00858 -0.201497 -0.0877998 -0.0804495 -0.920785 0.281946
2.20594 1.00988 -0.199861 -0.0912165 -0.083501 -0.918659 0.283362
2.20953 1.01115 -0.198228 -0.0946279 -0.0865389 -0.916521 0.284767
2.21312 1.01241 -0.196597 -0.098034 -0.0895631 -0.914372 0.28616
2.2167 1.01365 -0.194969 -0.101435 -0.0925731 -0.912211 0.287542
2.22027 1.01487 -0.193344 -0.10483 -0.0955689 -0.910038 0.288913
2.22383 1.01608 -0.191722 -0.108221 -0.0985501 -0.907855 0.290272
2.22738 1.01727 -0.190103 -0.111605 -0.101517 -0.90566 0.29162
2.23091 1.01844 -0.188488 -0.114985 -0.104468 -0.903454 0.292956
2.23444 1.0196 -0.186875 -0.11836 -0.107405 -0.901237 0.29428
2.23796 1.02074 -0.185266 -0.121729 -0.110326 -0.899009 0.295592
2.24146 1.02186 -0.18366 -0.125093 -0.113232 -0.896771 0.296892
2.24496 1.02297 -0.182057 -0.128452 -0.116122 -0.894522 0.29818
2.24845 1.02407 -0.180458 -0.131806 -0.118997 -0.892263 0.299455
2.25192 1.02515 -0.178863 -0.135156 -0.121856 -0.889993 0.300719
2.25539 1.02621 -0.177271 -0.1385 -0.124699 -0.887713 0.30197
2.25884 1.02726 -0.175682 -0.14184 -0.127526 -0.885422 0.303208
2.26229 1.0283 -0.174098 -0.145176 -0.130337 -0.883122 0.304435
2.26572 1.02932 -0.172516 -0.148507 -0.133132 -0.880811 0.305648
2.26915 1.03032 -0.170938 -0.151834 -0.135911 -0.87849 0.30685
2.27256 1.03132 -0.169364 -0.155156 -0.138674 -0.876159 0.308038
2.27597 1.03229 -0.167793 -0.158475 -0.141421 -0.873818 0.309214
2.27936 1.03326 -0.166226 -0.16179 -0.144151 -0.871468 0.310378
2.28275 1.03421 -0.164663 -0.165101 -0.146866 -0.869107 0.311528
2.28613 1.03514 -0.163103 -0.168408 -0.149564 -0.866737 0.312666
2.28949 1.03607 -0.161546 -0.171712 -0.152245 -0.864356 0.313791
2.29285 1.03698 -0.159993 -0.175013 -0.154911 -0.861966 0.314904
2.2962 1.03788 -0.158443 -0.178311 -0.15756 -0.859566 0.316003
2.29954 1.03876 -0.156896 -0.181606 -0.160193 -0.857156 0.31709
2.30287 1.03963 -0.155353 -0.184898 -0.16281 -0.854736 0.318163
2.3062 1.04049 -0.153813 -0.188187 -0.165411 -0.852306 0.319224
2.30951 1.04134 -0.152277 -0.191475 -0.167995 -0.849867 0.320272
2.31282 1.04218 -0.150743 -0.194759 -0.170563 -0.847417 0.321307
2.31612 1.043 -0.149213 -0.198042 -0.173116 -0.844958 0.322329
2.31941 1.04381 -0.147686 -0.201323 -0.175652 -0.842489 0.323337
2.32269 1.04461 -0.146162 -0.204603 -0.178171 -0.84001 0.324333
2.32597 1.0454 -0.144641 -0.20788 -0.180675 -0.837521 0.325316
2.32924 1.04618 -0.143122 -0.211157 -0.183163 -0.835022 0.326285
2.3325 1.04695 -0.141607 -0.214432 -0.185635 -0.832513 0.327241
2.33575 1.0477 -0.140094 -0.217707 -0.188091 -0.829994 0.328184
2.339 1.04844 -0.138584 -0.22098 -0.19053 -0.827464 0.329114
2.34224 1.04918 -0.137076 -0.224254 -0.192954 -0.824925 0.330031
2.34548 1.0499 -0.135571 -0.227526 -0.195362 -0.822375 0.330934
2.34871 1.05061 -0.134069 -0.230799 -0.197755 -0.819815 0.331824
2.35193 1.05132 -0.132569 -0.234071 -0.200131 -0.817245 0.3327
2.35515 1.05201 -0.131071 -0.237344 -0.202492 -0.814664 0.333563
2.35836 1.05269 -0.129576 -0.240617 -0.204837 -0.812073 0.334413
2.36157 1.05336 -0.128082 -0.243891 -0.207166 -0.809471 0.335249
2.36477 1.05402 -0.126591 -0.247166 -0.20948 -0.806859 0.336071
2.36797 1.05468 -0.125102 -0.250441 -0.211778 -0.804236 0.33688
2.37116 1.05532 -0.123615 -0.253718 -0.214061 -0.801602 0.337675
2.37434 1.05595 -0.122129 -0.256996 -0.216328 -0.798957 0.338457
2.37753 1.05658 -0.120645 -0.260276 -0.21858 -0.796302 0.339225
2.38071 1.05719 -0.119163 -0.263557 -0.220816 -0.793635 0.339979
2.38388 1.0578 -0.117682 -0.266841 -0.223036 -0.790957 0.340719
2.38705 1.05839 -0.116203 -0.270126 -0.225242 -0.788268 0.341445
2.39022 1.05898 -0.114725 -0.273414 -0.227431 -0.785568 0.342157
2.39339 1.05956 -0.113249 -0.276705 -0.229606 -0.782856 0.342855
2.39655 1.06013 -0.111773 -0.279998 -0.231765 -0.780133 0.343539
2.39971 1.06069 -0.110299 -0.283294 -0.233909 -0.777398 0.344208
2.40287 1.06124 -0.108826 -0.286594 -0.236038 -0.774651 0.344864
2.40602 1.06179 -0.107353 -0.289897 -0.238151 -0.771892 0.345504
2.40917 1.06232 -0.105882 -0.293203 -0.240249 -0.769121 0.346131
2.41233 1.06285 -0.104411 -0.296513 -0.242332 -0.766338 0.346743
2.41548 1.06337 -0.10294 -0.299828 -0.2444 -0.763543 0.34734
2.41862 1.06388 -0.101471 -0.303146 -0.246452 -0.760736 0.347923
2.42177 1.06438 -0.100001 -0.306469 -0.24849 -0.757916 0.348491
2.42492 1.06488 -0.0985317 -0.309797 -0.250512 -0.755083 0.349044
2.42806 1.06537 -0.0970626 -0.313129 -0.252519 -0.752238 0.349581
2.43121 1.06585 -0.0955935 -0.316467 -0.254511 -0.749379 0.350104
2.43436 1.06632 -0.0941244 -0.319809 -0.256487 -0.746507 0.350612
2.4375 1.06678 -0.0926551 -0.323158 -0.258449 -0.743623 0.351104
2.44065 1.06724 -0.0911855 -0.326512 -0.260395 -0.740724 0.35158
2.44379 1.06768 -0.0897155 -0.329871 -0.262326 -0.737812 0.352041
2.44694 1.06812 -0.088245 -0.333237 -0.264242 -0.734887 0.352487
2.45009 1.06856 -0.0867738 -0.33661 -0.266143 -0.731947 0.352916
2.45324 1.06898 -0.085302 -0.339989 -0.268028 -0.728994 0.35333
2.45639 1.0694 -0.0838292 -0.343374 -0.269898 -0.726026 0.353727
2.45955 1.06981 -0.0823555 -0.346767 -0.271753 -0.723044 0.354108
2.4627 1.07021 -0.0808807 -0.350167 -0.273592 -0.720047 0.354473
2.46586 1.07061 -0.0794047 -0.353574 -0.275417 -0.717035 0.354821
2.46903 1.071 -0.0779273 -0.356989 -0.277225 -0.714009 0.355153
2.47219 1.07138 -0.0764485 -0.360412 -0.279019 -0.710967 0.355467
2.47536 1.07175 -0.0749681 -0.363843 -0.280796 -0.70791 0.355764
2.47853 1.07212 -0.0734859 -0.367282 -0.282559 -0.704837 0.356045
2.48171 1.07248 -0.072002 -0.37073 -0.284305 -0.701749 0.356307
2.48489 1.07283 -0.0705161 -0.374186 -0.286036 -0.698645 0.356552
2.48807 1.07318 -0.0690281 -0.377651 -0.287751 -0.695525 0.356779
2.49126 1.07351 -0.0675379 -0.381126 -0.289451 -0.692388 0.356989
2.49445 1.07384 -0.0660454 -0.384609 -0.291134 -0.689235 0.35718
2.49765 1.07417 -0.0645505 -0.388103 -0.292802 -0.686066 0.357352
2.50086 1.07448 -0.0630529 -0.391606 -0.294453 -0.682879 0.357506
2.50407 1.07479 -0.0615527 -0.395119 -0.296088 -0.679676 0.357641
2.50728 1.0751 -0.0600497 -0.398642 -0.297707 -0.676455 0.357757
2.51051 1.07539 -0.0585437 -0.402175 -0.299309 -0.673217 0.357853
2.51374 1.07568 -0.0570346 -0.405719 -0.300895 -0.669961 0.35793
2.51697 1.07596 -0.0555224 -0.409273 -0.302464 -0.666688 0.357987
2.52021 1.07623 -0.0540068 -0.412839 -0.304017 -0.663396 0.358024
2.52346 1.0765 -0.0524879 -0.416415 -0.305552 -0.660087 0.35804
2.52672 1.07676 -0.0509654 -0.420002 -0.307071 -0.656759 0.358036
2.52999 1.07701 -0.0494393 -0.4236 -0.308572 -0.653413 0.358011
2.53326 1.07726 -0.0479095 -0.42721 -0.310055 -0.650048 0.357965
2.53654 1.0775 -0.0463759 -0.430831 -0.311521 -0.646665 0.357897
2.53983 1.07773 -0.0448383 -0.434463 -0.312969 -0.643263 0.357807
2.54313 1.07795 -0.0432967 -0.438107 -0.314399 -0.639842 0.357696
2.54644 1.07817 -0.041751 -0.441763 -0.315811 -0.636403 0.357562
2.54976 1.07837 -0.0402012 -0.44543 -0.317204 -0.632944 0.357405
2.55308 1.07857 -0.0386471 -0.449109 -0.318579 -0.629466 0.357226
2.55642 1.07877 -0.0370888 -0.452799 -0.319934 -0.62597 0.357023
2.55976 1.07895 -0.0355261 -0.4565 -0.321271 -0.622454 0.356797
2.56312 1.07913 -0.0339591 -0.460213 -0.322587 -0.61892 0.356547
2.56648 1.0793 -0.0323877 -0.463937 -0.323885 -0.615366 0.356272
2.56985 1.07947 -0.0308119 -0.467672 -0.325162 -0.611794 0.355974
2.57323 1.07962 -0.0292317 -0.471418 -0.326418 -0.608204 0.35565
2.57662 1.07977 -0.0276472 -0.475174 -0.327654 -0.604595 0.355302
2.58002 1.07991 -0.0260584 -0.478941 -0.32887 -0.600968 0.354928
2.58343 1.08004 -0.0244652 -0.482717 -0.330063 -0.597323 0.354529
2.58685 1.08016 -0.0228679 -0.486503 -0.331235 -0.593661 0.354103
2.59028 1.08028 -0.0212665 -0.490297 -0.332386 -0.589982 0.353652
2.59372 1.08039 -0.0196611 -0.494101 -0.333514 -0.586286 0.353175
2.59716 1.08049 -0.0180519 -0.497912 -0.334619 -0.582573 0.352671
2.60061 1.08058 -0.0164389 -0.50173 -0.335701 -0.578846 0.35214
2.60407 1.08066 -0.0148224 -0.505556 -0.33676 -0.575103 0.351583
2.60754 1.08073 -0.0132026 -0.509387 -0.337795 -0.571346 0.350998
2.61101 1.0808 -0.0115797 -0.513223 -0.338807 -0.567575 0.350386
2.61449 1.08086 -0.00995386 -0.517064 -0.339794 -0.563792 0.349747
2.61798 1.0809 -0.00832541 -0.520908 -0.340756 -0.559996 0.349081
2.62147 1.08094 -0.00669461 -0.524755 -0.341693 -0.556189 0.348388
2.62496 1.08098 -0.00506175 -0.528603 -0.342605 -0.552372 0.347667
2.62846 1.081 -0.00342713 -0.532452 -0.343491 -0.548546 0.346918
2.63196 1.08101 -0.00179108 -0.5363 -0.344352 -0.544711 0.346143
2.63547 1.08102 -0.000153924 -0.540147 -0.345186 -0.54087 0.34534
2.63897 1.08101 0.001484 -0.543992 -0.345994 -0.537022 0.34451
2.64248 1.081 0.00312233 -0.547832 -0.346776 -0.533169 0.343654
2.64599 1.08098 0.00476074 -0.551669 -0.347531 -0.529311 0.34277
2.64949 1.08095 0.00639886 -0.555499 -0.348259 -0.525451 0.34186
2.653 1.08091 0.00803634 -0.559322 -0.34896 -0.521589 0.340924
2.6565 1.08086 0.00967285 -0.563138 -0.349634 -0.517727 0.339961
2.66 1.08081 0.011308 -0.566944 -0.350281 -0.513864 0.338973
2.6635 1.08074 0.0129416 -0.57074 -0.350901 -0.510003 0.33796
2.66699 1.08067 0.0145732 -0.574526 -0.351494 -0.506145 0.336921
2.67048 1.08059 0.0162025 -0.578299 -0.35206 -0.502289 0.335858
2.67396 1.0805 0.0178293 -0.58206 -0.352599 -0.498438 0.33477
2.67743 1.0804 0.0194533 -0.585807 -0.353111 -0.494592 0.333658
2.6809 1.08029 0.0210743 -0.58954 -0.353596 -0.490752 0.332522
2.68437 1.08018 0.0226919 -0.593257 -0.354055 -0.486919 0.331363
2.68782 1.08005 0.0243061 -0.596959 -0.354487 -0.483094 0.330181
2.69127 1.07992 0.0259166 -0.600644 -0.354893 -0.479276 0.328977
2.69471 1.07978 0.0275233 -0.604313 -0.355273 -0.475467 0.32775
2.69814 1.07963 0.029126 -0.607964 -0.355628 -0.471668 0.326502
2.70156 1.07948 0.0307246 -0.611597 -0.355956 -0.467878 0.325232
2.70497 1.07931 0.032319 -0.615211 -0.35626 -0.464099 0.323941
2.70837 1.07914 0.0339092 -0.618807 -0.356538 -0.460331 0.322629
2.71177 1.07896 0.035495 -0.622385 -0.356792 -0.456573 0.321297
2.71515 1.07877 0.0370765 -0.625943 -0.357021 -0.452827 0.319945
2.71853 1.07857 0.0386535 -0.629481 -0.357226 -0.449093 0.318573
2.72189 1.07837 0.0402261 -0.633 -0.357408 -0.44537 0.317182
2.72525 1.07816 0.0417944 -0.6365 -0.357566 -0.44166 0.315771
2.72859 1.07794 0.0433582 -0.63998 -0.357701 -0.437961 0.314342
2.73193 1.07771 0.0449178 -0.64344 -0.357812 -0.434275 0.312895
2.73526 1.07748 0.046473 -0.64688 -0.357902 -0.430601 0.311429
2.73858 1.07724 0.0480239 -0.650301 -0.357969 -0.426939 0.309945
2.74189 1.07699 0.0495707 -0.653702 -0.358014 -0.42329 0.308443
2.74519 1.07674 0.0511133 -0.657083 -0.358037 -0.419653 0.306924
2.74848 1.07647 0.052652 -0.660445 -0.358039 -0.416028 0.305387
2.75177 1.0762 0.0541866 -0.663788 -0.35802 -0.412415 0.303834
2.75504 1.07593 0.0557175 -0.667111 -0.35798 -0.408814 0.302263
2.75831 1.07564 0.0572446 -0.670415 -0.35792 -0.405225 0.300676
2.76157 1.07535 0.058768 -0.6737 -0.35784 -0.401648 0.299072
2.76482 1.07505 0.060288 -0.676967 -0.357739 -0.398082 0.297451
2.76807 1.07474 0.0618045 -0.680214 -0.357619 -0.394528 0.295815
2.77131 1.07443 0.0633177 -0.683444 -0.35748 -0.390986 0.294162
2.77454 1.07411 0.0648277 -0.686655 -0.357321 -0.387454 0.292494
2.77776 1.07378 0.0663347 -0.689848 -0.357144 -0.383934 0.290809
2.78098 1.07345 0.0678387 -0.693023 -0.356948 -0.380424 0.289109
2.78419 1.0731 0.0693399 -0.69618 -0.356733 -0.376924 0.287393
2.7874 1.07275 0.0708384 -0.69932 -0.3565 -0.373435 0.285662
2.7906 1.0724 0.0723344 -0.702442 -0.35625 -0.369956 0.283915
2.7938 1.07204 0.0738279 -0.705548 -0.355981 -0.366488 0.282153
2.79699 1.07166 0.0753191 -0.708636 -0.355695 -0.363028 0.280376
2.80017 1.07129 0.0768081 -0.711708 -0.355392 -0.359579 0.278584
2.80336 1.0709 0.0782951 -0.714764 -0.355072 -0.356138 0.276776
2.80653 1.07051 0.0797801 -0.717803 -0.354734 -0.352707 0.274954
2.80971 1.07011 0.0812633 -0.720826 -0.35438 -0.349284 0.273117
2.81288 1.0697 0.0827448 -0.723833 -0.354009 -0.34587 0.271264
2.81605 1.06929 0.0842248 -0.726825 -0.353622 -0.342464 0.269397
2.81921 1.06887 0.0857034 -0.729801 -0.353219 -0.339066 0.267515
2.82237 1.06844 0.0871806 -0.732762 -0.352799 -0.335676 0.265618
2.82553 1.068 0.0886566 -0.735707 -0.352364 -0.332294 0.263707
2.82869 1.06756 0.0901316 -0.738638 -0.351912 -0.328919 0.261781
2.83185 1.06711 0.0916056 -0.741555 -0.351446 -0.325552 0.25984
2.835 1.06665 0.0930788 -0.744456 -0.350963 -0.322191 0.257884
2.83815 1.06618 0.0945512 -0.747344 -0.350466 -0.318837 0.255914
2.84131 1.06571 0.0960231 -0.750217 -0.349953 -0.31549 0.253929
2.84446 1.06522 0.0974945 -0.753076 -0.349425 -0.312148 0.25193
2.84761 1.06473 0.0989655 -0.755921 -0.348882 -0.308813 0.249916
2.85076 1.06424 0.100436 -0.758753 -0.348324 -0.305484 0.247888
2.85391 1.06373 0.101907 -0.761571 -0.347751 -0.30216 0.245844
2.85706 1.06322 0.103377 -0.764376 -0.347164 -0.298842 0.243787
2.86021 1.0627 0.104848 -0.767167 -0.346562 -0.295528 0.241714
2.86336 1.06217 0.106319 -0.769946 -0.345946 -0.29222 0.239627
2.86651 1.06163 0.10779 -0.772712 -0.345316 -0.288916 0.237526
2.86966 1.06108 0.109261 -0.775465 -0.344671 -0.285617 0.23541
2.87282 1.06053 0.110733 -0.778205 -0.344012 -0.282322 0.233279
2.87597 1.05996 0.112206 -0.780933 -0.343339 -0.279031 0.231133
2.87913 1.05939 0.113679 -0.783648 -0.342652 -0.275744 0.228973
2.88229 1.05881 0.115153 -0.786351 -0.341952 -0.272461 0.226798
2.88545 1.05822 0.116628 -0.789043 -0.341237 -0.269181 0.224609
2.88862 1.05763 0.118104 -0.791722 -0.340509 -0.265904 0.222405
2.89179 1.05702 0.119581 -0.794389 -0.339767 -0.26263 0.220186
2.89496 1.0564 0.121059 -0.797045 -0.339011 -0.259359 0.217952
2.89813 1.05578 0.122539 -0.799689 -0.338242 -0.256091 0.215704
2.90131 1.05515 0.12402 -0.802321 -0.33746 -0.252824 0.21344
2.90449 1.0545 0.125502 -0.804942 -0.336664 -0.24956 0.211162
2.90767 1.05385 0.126986 -0.807552 -0.335855 -0.246298 0.208869
2.91086 1.05319 0.128471 -0.81015 -0.335032 -0.243038 0.206561
2.91406 1.05252 0.129958 -0.812738 -0.334196 -0.239779 0.204238
2.91725 1.05184 0.131447 -0.815314 -0.333347 -0.236521 0.2019
2.92046 1.05114 0.132938 -0.817879 -0.332485 -0.233265 0.199547
2.92367 1.05044 0.134431 -0.820434 -0.33161 -0.230009 0.197179
2.92688 1.04973 0.135926 -0.822977 -0.330722 -0.226755 0.194796
2.9301 1.04901 0.137423 -0.82551 -0.329821 -0.2235 0.192398
2.93332 1.04828 0.138922 -0.828032 -0.328907 -0.220246 0.189985
2.93655 1.04754 0.140424 -0.830544 -0.32798 -0.216992 0.187556
2.93979 1.04678 0.141927 -0.833045 -0.32704 -0.213738 0.185112
2.94303 1.04602 0.143434 -0.835536 -0.326087 -0.210484 0.182653
2.94628 1.04525 0.144942 -0.838016 -0.325121 -0.207229 0.180179
2.94953 1.04446 0.146454 -0.840486 -0.324143 -0.203974 0.177689
2.95279 1.04366 0.147968 -0.842946 -0.323152 -0.200717 0.175184
2.95606 1.04286 0.149484 -0.845395 -0.322148 -0.19746 0.172664
2.95934 1.04204 0.151004 -0.847834 -0.321132 -0.194201 0.170128
2.96262 1.0412 0.152526 -0.850263 -0.320103 -0.190941 0.167577
2.96591 1.04036 0.154051 -0.852682 -0.319061 -0.187679 0.16501
2.96921 1.03951 0.155579 -0.855091 -0.318007 -0.184416 0.162428
2.97251 1.03864 0.15711 -0.857489 -0.31694 -0.18115 0.15983
2.97583 1.03776 0.158644 -0.859878 -0.315861 -0.177883 0.157217
2.97915 1.03687 0.160181 -0.862257 -0.314769 -0.174612 0.154588
2.98248 1.03596 0.161721 -0.864625 -0.313665 -0.17134 0.151944
2.98582 1.03505 0.163264 -0.866984 -0.312548 -0.168064 0.149284
2.98917 1.03412 0.164811 -0.869332 -0.311419 -0.164786 0.146608
2.99252 1.03317 0.166361 -0.87167 -0.310278 -0.161505 0.143917
2.99589 1.03222 0.167914 -0.873999 -0.309124 -0.15822 0.14121
2.99926 1.03125 0.16947 -0.876317 -0.307958 -0.154932 0.138488
3 1.03104 0.16981 -0.876821 -0.307703 -0.154215 0.137893
